   9.9900000000000010E-004  0.99464806649914927     
   1.9980000000000002E-003  0.99464998934086324     
   2.9970000000000005E-003  0.99465186241407055     
   3.9960000000000004E-003  0.99465368530706277     
   4.9950000000000003E-003  0.99465545760519591     
   5.9940000000000011E-003  0.99465717889086636     
   6.9930000000000010E-003  0.99465884874357424     
   7.9920000000000008E-003  0.99466046673978370     
   8.9910000000000007E-003  0.99466203245302798     
   9.9900000000000006E-003  0.99466354545379998     
   1.0989000000000001E-002  0.99466500530956514     
   1.1988000000000002E-002  0.99466641158475477     
   1.2987000000000002E-002  0.99466776384073063     
   1.3986000000000002E-002  0.99466906163577362     
   1.4985000000000002E-002  0.99467030452504812     
   1.5984000000000002E-002  0.99467149206062722     
   1.6983000000000002E-002  0.99467262379143018     
   1.7982000000000001E-002  0.99467369926320504     
   1.8981000000000001E-002  0.99467471801854357     
   1.9980000000000001E-002  0.99467567959683656     
   2.0979000000000001E-002  0.99467658353424748     
   2.1978000000000001E-002  0.99467742936372916     
   2.2977000000000001E-002  0.99467821661495515     
   2.3976000000000004E-002  0.99467894481434860     
   2.4975000000000004E-002  0.99467961348503975     
   2.5974000000000004E-002  0.99468022214683272     
   2.6973000000000004E-002  0.99468077031621649     
   2.7972000000000004E-002  0.99468125750632375     
   2.8971000000000004E-002  0.99468168322693928     
   2.9970000000000004E-002  0.99468204698443663     
   3.0969000000000003E-002  0.99468234828179136     
   3.1968000000000003E-002  0.99468258661858133     
   3.2967000000000003E-002  0.99468276149088530     
   3.3966000000000003E-002  0.99468287239136643     
   3.4965000000000003E-002  0.99468291880918780     
   3.5964000000000003E-002  0.99468290023001238     
   3.6963000000000003E-002  0.99468281613598686     
   3.7962000000000003E-002  0.99468266600572719     
   3.8961000000000003E-002  0.99468244931424432     
   3.9960000000000002E-002  0.99468216553304423     
   4.0959000000000002E-002  0.99468181412998002     
   4.1958000000000002E-002  0.99468139456930127     
   4.2957000000000002E-002  0.99468090631163897     
   4.3956000000000002E-002  0.99468034881395895     
   4.4955000000000002E-002  0.99467972152955364     
   4.5954000000000002E-002  0.99467902390801866     
   4.6953000000000002E-002  0.99467825539524335     
   4.7952000000000009E-002  0.99467741543340593     
   4.8951000000000008E-002  0.99467650346091552     
   4.9950000000000008E-002  0.99467551891240646     
   5.0949000000000008E-002  0.99467446121876124     
   5.1948000000000008E-002  0.99467332980702483     
   5.2947000000000008E-002  0.99467212410043060     
   5.3946000000000008E-002  0.99467084351838175     
   5.4945000000000008E-002  0.99466948747641304     
   5.5944000000000008E-002  0.99466805538618097     
   5.6943000000000007E-002  0.99466654665545817     
   5.7942000000000007E-002  0.99466496068808474     
   5.8941000000000007E-002  0.99466329688397870     
   5.9940000000000007E-002  0.99466155463911399     
   6.0939000000000007E-002  0.99465973334549718     
   6.1938000000000007E-002  0.99465783239115468     
   6.2937000000000007E-002  0.99465585116007882     
   6.3936000000000007E-002  0.99465378903229307     
   6.4935000000000007E-002  0.99465164538375217     
   6.5934000000000006E-002  0.99464941958635744     
   6.6933000000000006E-002  0.99464711100795933     
   6.7932000000000006E-002  0.99464471901230989     
   6.8931000000000006E-002  0.99464224295905790     
   6.9930000000000006E-002  0.99463968220374088     
   7.0929000000000006E-002  0.99463703609773879     
   7.1928000000000006E-002  0.99463430398832120     
   7.2927000000000006E-002  0.99463148521854772     
   7.3926000000000006E-002  0.99462857912731750     
   7.4925000000000005E-002  0.99462558504933096     
   7.5924000000000005E-002  0.99462250231508020     
   7.6923000000000005E-002  0.99461933025081073     
   7.7922000000000005E-002  0.99461606817855330     
   7.8921000000000005E-002  0.99461271541605178     
   7.9920000000000005E-002  0.99460927127680665     
   8.0919000000000005E-002  0.99460573507003813     
   8.1918000000000005E-002  0.99460210610061961     
   8.2917000000000005E-002  0.99459838366918152     
   8.3916000000000004E-002  0.99459456707198945     
   8.4915000000000004E-002  0.99459065560097271     
   8.5914000000000004E-002  0.99458664854374312     
   8.6913000000000004E-002  0.99458254518349598     
   8.7912000000000004E-002  0.99457834479912677     
   8.8911000000000004E-002  0.99457404666509686     
   8.9910000000000004E-002  0.99456965005149189     
   9.0909000000000004E-002  0.99456515422399860     
   9.1908000000000004E-002  0.99456055844387825     
   9.2907000000000003E-002  0.99455586196796986     
   9.3906000000000003E-002  0.99455106404869209     
   9.4905000000000003E-002  0.99454616393400386     
   9.5904000000000017E-002  0.99454116086744371     
   9.6903000000000017E-002  0.99453605408805690     
   9.7902000000000017E-002  0.99453084283044935     
   9.8901000000000017E-002  0.99452552632476643     
   9.9900000000000017E-002  0.99452010379662736     
  0.10089900000000002       0.99451457446722569     
  0.10189800000000002       0.99450893755323289     
  0.10289700000000002       0.99450319226681416     
  0.10389600000000002       0.99449733781569505     
  0.10489500000000002       0.99449137340303684     
  0.10589400000000002       0.99448529822754539     
  0.10689300000000002       0.99447911148338508     
  0.10789200000000002       0.99447281236022989     
  0.10889100000000002       0.99446640004323850     
  0.10989000000000002       0.99445987371305689     
  0.11088900000000002       0.99445323254584816     
  0.11188800000000002       0.99444647571326972     
  0.11288700000000002       0.99443960238240592     
  0.11388600000000001       0.99443261171592467     
  0.11488500000000001       0.99442550287193077     
  0.11588400000000001       0.99441827500407054     
  0.11688300000000001       0.99441092726148284     
  0.11788200000000001       0.99440345878884895     
  0.11888100000000001       0.99439586872632235     
  0.11988000000000001       0.99438815620962195     
  0.12087900000000001       0.99438032037000501     
  0.12187800000000001       0.99437236033426135     
  0.12287700000000001       0.99436427522473969     
  0.12387600000000001       0.99435606415937550     
  0.12487500000000001       0.99434772625167123     
  0.12587400000000001       0.99433926061070266     
  0.12687300000000001       0.99433066634120970     
  0.12787200000000001       0.99432194254349560     
  0.12887100000000001       0.99431308831354936     
  0.12987000000000001       0.99430410274301573     
  0.13086900000000001       0.99429498491915425     
  0.13186800000000001       0.99428573392500574     
  0.13286700000000001       0.99427634883929761     
  0.13386600000000001       0.99426682873647043     
  0.13486500000000001       0.99425717268677039     
  0.13586400000000001       0.99424737975620281     
  0.13686300000000001       0.99423744900662336     
  0.13786200000000001       0.99422737949568074     
  0.13886100000000001       0.99421717027695344     
  0.13986000000000001       0.99420682039987962     
  0.14085900000000001       0.99419632890985443     
  0.14185800000000001       0.99418569484823238     
  0.14285700000000001       0.99417491725237483     
  0.14385600000000001       0.99416399515568410     
  0.14485500000000001       0.99415292758765705     
  0.14585400000000001       0.99414171357386882     
  0.14685300000000001       0.99413035213609546     
  0.14785200000000001       0.99411884229229497     
  0.14885100000000001       0.99410718305669288     
  0.14985000000000001       0.99409537343978316     
  0.15084900000000001       0.99408341244841048     
  0.15184800000000001       0.99407129908584158     
  0.15284700000000001       0.99405903235175019     
  0.15384600000000001       0.99404661124234117     
  0.15484500000000001       0.99403403475036944     
  0.15584400000000001       0.99402130186517956     
  0.15684300000000001       0.99400841157284303     
  0.15784200000000001       0.99399536285612566     
  0.15884100000000001       0.99398215469462370     
  0.15984000000000001       0.99396878606479055     
  0.16083900000000001       0.99395525594001521     
  0.16183800000000001       0.99394156329073768     
  0.16283700000000001       0.99392770708443001     
  0.16383600000000001       0.99391368628575827     
  0.16483500000000001       0.99389949985662929     
  0.16583400000000001       0.99388514675626494     
  0.16683300000000001       0.99387062594130138     
  0.16783200000000001       0.99385593636585445     
  0.16883100000000001       0.99384107698164281     
  0.16983000000000001       0.99382604673804442     
  0.17082900000000001       0.99381084458223345     
  0.17182800000000001       0.99379546945922292     
  0.17282700000000001       0.99377992031197970     
  0.17382600000000001       0.99376419608160371     
  0.17482500000000001       0.99374829570733003     
  0.17582400000000001       0.99373221812669499     
  0.17682300000000001       0.99371596227563086     
  0.17782200000000001       0.99369952708859166     
  0.17882100000000001       0.99368291149865984     
  0.17982000000000001       0.99366611443770692     
  0.18081900000000001       0.99364913483646977     
  0.18181800000000001       0.99363197162470274     
  0.18281700000000001       0.99361462373131793     
  0.18381600000000001       0.99359709008448704     
  0.18481500000000001       0.99357936961186311     
  0.18581400000000001       0.99356146124061329     
  0.18681300000000001       0.99354336389767051     
  0.18781200000000001       0.99352507650980182     
  0.18881100000000001       0.99350659800384566     
  0.18981000000000001       0.99348792730678326     
  0.19080900000000001       0.99346906334597251     
  0.19180800000000003       0.99345000504930747     
  0.19280700000000003       0.99343075134532999     
  0.19380600000000003       0.99341130116349996     
  0.19480500000000003       0.99339165343429481     
  0.19580400000000003       0.99337180708947059     
  0.19680300000000003       0.99335176106218559     
  0.19780200000000003       0.99333151428719113     
  0.19880100000000003       0.99331106570112815     
  0.19980000000000003       0.99329041424262288     
  0.20079900000000003       0.99326955885257917     
  0.20179800000000003       0.99324849847427998     
  0.20279700000000003       0.99322723205379770     
  0.20379600000000003       0.99320575853998894     
  0.20479500000000003       0.99318407688492150     
  0.20579400000000003       0.99316218604398487     
  0.20679300000000003       0.99314008497619233     
  0.20779200000000003       0.99311777264443046     
  0.20879100000000003       0.99309524801565152     
  0.20979000000000003       0.99307251006120489     
  0.21078900000000003       0.99304955775706705     
  0.21178800000000003       0.99302639008410465     
  0.21278700000000003       0.99300300602836111     
  0.21378600000000003       0.99297940458135558     
  0.21478500000000003       0.99295558474033208     
  0.21578400000000003       0.99293154550859408     
  0.21678300000000003       0.99290728589578447     
  0.21778200000000003       0.99288280491819580     
  0.21878100000000003       0.99285810159910448     
  0.21978000000000003       0.99283317496903567     
  0.22077900000000003       0.99280802406615587     
  0.22177800000000003       0.99278264793661852     
  0.22277700000000003       0.99275704563480127     
  0.22377600000000003       0.99273121622376848     
  0.22477500000000003       0.99270515877560095     
  0.22577400000000003       0.99267887237169394     
  0.22677300000000003       0.99265235610322067     
  0.22777200000000003       0.99262560907145980     
  0.22877100000000003       0.99259863038817686     
  0.22977000000000003       0.99257141917605685     
  0.23076900000000003       0.99254397456906251     
  0.23176800000000003       0.99251629571289735     
  0.23276700000000003       0.99248838176537635     
  0.23376600000000003       0.99246023189686006     
  0.23476500000000003       0.99243184529071693     
  0.23576400000000003       0.99240322114378088     
  0.23676300000000003       0.99237435866670898     
  0.23776200000000003       0.99234525708456200     
  0.23876100000000003       0.99231591563719757     
  0.23976000000000003       0.99228633357979201     
  0.24075900000000003       0.99225651018329486     
  0.24175800000000003       0.99222644473494337     
  0.24275700000000003       0.99219613653877736     
  0.24375600000000003       0.99216558491612317     
  0.24475500000000003       0.99213478920617315     
  0.24575400000000003       0.99210374876646790     
  0.24675300000000003       0.99207246297344220     
  0.24775200000000003       0.99204093122303327     
  0.24875100000000003       0.99200915293117997     
  0.24975000000000003       0.99197712753446743     
  0.25074900000000000       0.99194485449063341     
  0.25174800000000003       0.99191233327919626     
  0.25274700000000000       0.99187956340211691     
  0.25374600000000003       0.99184654438431119     
  0.25474500000000000       0.99181327577432621     
  0.25574400000000003       0.99177975714502731     
  0.25674300000000005       0.99174598809411574     
  0.25774200000000003       0.99171196824494245     
  0.25874100000000005       0.99167769724703736     
  0.25974000000000003       0.99164317477690589     
  0.26073900000000005       0.99160840053861254     
  0.26173800000000003       0.99157337426456882     
  0.26273700000000005       0.99153809571622564     
  0.26373600000000003       0.99150256468474807     
  0.26473500000000005       0.99146678099181196     
  0.26573400000000003       0.99143074449031343     
  0.26673300000000005       0.99139445506512547     
  0.26773200000000003       0.99135791263397599     
  0.26873100000000005       0.99132111714795346     
  0.26973000000000003       0.99128406859270668     
  0.27072900000000005       0.99124676698886349     
  0.27172800000000003       0.99120921239307336     
  0.27272700000000005       0.99117140489876876     
  0.27372600000000002       0.99113334463700331     
  0.27472500000000005       0.99109503177733216     
  0.27572400000000002       0.99105646652862944     
  0.27672300000000005       0.99101764914000245     
  0.27772200000000002       0.99097857990166827     
  0.27872100000000005       0.99093925914588110     
  0.27972000000000002       0.99089968724776367     
  0.28071900000000005       0.99085986462633413     
  0.28171800000000002       0.99081979174536161     
  0.28271700000000005       0.99077946911436465     
  0.28371600000000002       0.99073889728955633     
  0.28471500000000005       0.99069807687477185     
  0.28571400000000002       0.99065700852255845     
  0.28671300000000005       0.99061569293503948     
  0.28771200000000002       0.99057413086503909     
  0.28871100000000005       0.99053232311701156     
  0.28971000000000002       0.99049027054811400     
  0.29070900000000005       0.99044797406927143     
  0.29170800000000002       0.99040543464617004     
  0.29270700000000005       0.99036265330035500     
  0.29370600000000002       0.99031963111032628     
  0.29470500000000005       0.99027636921259199     
  0.29570400000000002       0.99023286880276706     
  0.29670300000000005       0.99018913113673768     
  0.29770200000000002       0.99014515753165133     
  0.29870100000000005       0.99010094936721615     
  0.29970000000000002       0.99005650808672563     
  0.30069900000000005       0.99001183519822344     
  0.30169800000000002       0.98996693227569543     
  0.30269700000000005       0.98992180096024540     
  0.30369600000000002       0.98987644296122412     
  0.30469500000000005       0.98983086005743515     
  0.30569400000000002       0.98978505409839790     
  0.30669300000000005       0.98973902700545702     
  0.30769200000000002       0.98969278077304579     
  0.30869100000000005       0.98964631746995091     
  0.30969000000000002       0.98959963924040628     
  0.31068900000000005       0.98955274830555129     
  0.31168800000000002       0.98950564696442955     
  0.31268700000000005       0.98945833759542001     
  0.31368600000000002       0.98941082265741154     
  0.31468500000000005       0.98936310469108935     
  0.31568400000000002       0.98931518632025206     
  0.31668300000000005       0.98926707025297400     
  0.31768200000000002       0.98921875928300929     
  0.31868100000000005       0.98917025629098776     
  0.31968000000000002       0.98912156424571096     
  0.32067900000000005       0.98907268620556599     
  0.32167800000000002       0.98902362531958332     
  0.32267700000000005       0.98897438482898570     
  0.32367600000000002       0.98892496806826979     
  0.32467500000000005       0.98887537846669871     
  0.32567400000000002       0.98882561954943504     
  0.32667300000000005       0.98877569493897310     
  0.32767200000000002       0.98872560835627554     
  0.32867100000000005       0.98867536362224129     
  0.32967000000000002       0.98862496465893468     
  0.33066900000000005       0.98857441549079761     
  0.33166800000000002       0.98852372024607216     
  0.33266700000000005       0.98847288315797632     
  0.33366600000000002       0.98842190856601242     
  0.33466500000000005       0.98837080091726992     
  0.33566400000000002       0.98831956476763616     
  0.33666300000000005       0.98826820478309263     
  0.33766200000000002       0.98821672574097652     
  0.33866100000000005       0.98816513253111082     
  0.33966000000000002       0.98811343015716624     
  0.34065900000000005       0.98806162373785755     
  0.34165800000000002       0.98800971850799946     
  0.34265700000000004       0.98795771981990299     
  0.34365600000000002       0.98790563314439217     
  0.34465500000000004       0.98785346407208907     
  0.34565400000000002       0.98780121831442813     
  0.34665300000000004       0.98774890170486673     
  0.34765200000000002       0.98769652019998389     
  0.34865100000000004       0.98764407988051250     
  0.34965000000000002       0.98759158695253701     
  0.35064900000000004       0.98753904774832668     
  0.35164800000000002       0.98748646872756307     
  0.35264700000000004       0.98743385647822146     
  0.35364600000000002       0.98738121771753617     
  0.35464500000000004       0.98732855929302910     
  0.35564400000000002       0.98727588818332768     
  0.35664300000000004       0.98722321149910996     
  0.35764200000000002       0.98717053648390174     
  0.35864100000000004       0.98711787051498678     
  0.35964000000000002       0.98706522110411032     
  0.36063900000000004       0.98701259589827628     
  0.36163800000000001       0.98696000268043937     
  0.36263700000000004       0.98690744937019725     
  0.36363600000000001       0.98685494402442164     
  0.36463500000000004       0.98680249483789728     
  0.36563400000000001       0.98675011014382696     
  0.36663300000000004       0.98669779841431793     
  0.36763200000000001       0.98664556826096839     
  0.36863100000000004       0.98659342843519238     
  0.36963000000000001       0.98654138782859213     
  0.37062900000000004       0.98648945547331668     
  0.37162800000000001       0.98643764054238281     
  0.37262700000000004       0.98638595234975424     
  0.37362600000000001       0.98633440035070907     
  0.37462500000000004       0.98628299414177256     
  0.37562400000000001       0.98623174346086828     
  0.37662300000000004       0.98618065818728751     
  0.37762200000000001       0.98612974834164391     
  0.37862100000000004       0.98607902408575043     
  0.37962000000000001       0.98602849572245710     
  0.38061900000000004       0.98597817369531870     
  0.38161800000000001       0.98592806858841620     
  0.38261700000000004       0.98587819112584374     
  0.38361600000000007       0.98582855217130816     
  0.38461500000000004       0.98577916272773636     
  0.38561400000000007       0.98573003393643022     
  0.38661300000000004       0.98568117707667913     
  0.38761200000000007       0.98563260356481497     
  0.38861100000000004       0.98558432495356041     
  0.38961000000000007       0.98553635293102437     
  0.39060900000000004       0.98548869931978356     
  0.39160800000000007       0.98544137607596616     
  0.39260700000000004       0.98539439528788564     
  0.39360600000000007       0.98534776917510536     
  0.39460500000000004       0.98530151008696731     
  0.39560400000000007       0.98525563050125564     
  0.39660300000000004       0.98521014302292842     
  0.39760200000000007       0.98516506038234397     
  0.39860100000000004       0.98512039543380681     
  0.39960000000000007       0.98507616115378849     
  0.40059900000000004       0.98503237063921167     
  0.40159800000000007       0.98498903710559316     
  0.40259700000000004       0.98494617388482208     
  0.40359600000000007       0.98490379442354992     
  0.40459500000000004       0.98486191228067232     
  0.40559400000000007       0.98482054112527240     
  0.40659300000000004       0.98477969473431703     
  0.40759200000000007       0.98473938699016650     
  0.40859100000000004       0.98469963187814180     
  0.40959000000000007       0.98466044348387693     
  0.41058900000000004       0.98462183599070918     
  0.41158800000000006       0.98458382367690678     
  0.41258700000000004       0.98454642091270816     
  0.41358600000000006       0.98450964215752723     
  0.41458500000000004       0.98447350195679462     
  0.41558400000000006       0.98443801493891747     
  0.41658300000000004       0.98440319581202529     
  0.41758200000000006       0.98436905936064356     
  0.41858100000000004       0.98433562044239009     
  0.41958000000000006       0.98430289398441928     
  0.42057900000000004       0.98427089497992371     
  0.42157800000000006       0.98423963848445928     
  0.42257700000000004       0.98420913961224055     
  0.42357600000000006       0.98417941353230654     
  0.42457500000000004       0.98415047546468204     
  0.42557400000000006       0.98412234067643933     
  0.42657300000000004       0.98409502447752373     
  0.42757200000000006       0.98406854221678353     
  0.42857100000000004       0.98404290927770732     
  0.42957000000000006       0.98401814107428176     
  0.43056900000000004       0.98399425304644927     
  0.43156800000000006       0.98397126065589435     
  0.43256700000000003       0.98394917938157112     
  0.43356600000000006       0.98392802471508634     
  0.43456500000000003       0.98390781215620715     
  0.43556400000000006       0.98388855720825075     
  0.43656300000000003       0.98387027537323524     
  0.43756200000000006       0.98385298214738826     
  0.43856100000000003       0.98383669301605470     
  0.43956000000000006       0.98382142344919188     
  0.44055900000000003       0.98380718889625873     
  0.44155800000000006       0.98379400478136969     
  0.44255700000000003       0.98378188649835696     
  0.44355600000000006       0.98377084940584902     
  0.44455500000000003       0.98376090882210854     
  0.44555400000000006       0.98375208002015890     
  0.44655300000000003       0.98374437822267446     
  0.44755200000000006       0.98373781859686604     
  0.44855100000000003       0.98373241624948415     
  0.44955000000000006       0.98372818622164560     
  0.45054900000000003       0.98372514348382933     
  0.45154800000000006       0.98372330293067411     
  0.45254700000000003       0.98372267937598967     
  0.45354600000000006       0.98372328754766059     
  0.45454500000000003       0.98372514208250206     
  0.45554400000000006       0.98372825752129200     
  0.45654300000000003       0.98373264830367557     
  0.45754200000000006       0.98373832876322675     
  0.45854100000000003       0.98374531312243352     
  0.45954000000000006       0.98375361548778661     
  0.46053900000000003       0.98376324984481367     
  0.46153800000000006       0.98377423005336606     
  0.46253700000000003       0.98378656984267232     
  0.46353600000000006       0.98380028280665888     
  0.46453500000000003       0.98381538239924393     
  0.46553400000000006       0.98383188192976778     
  0.46653300000000003       0.98384979455833232     
  0.46753200000000006       0.98386913329133785     
  0.46853100000000003       0.98388991097716005     
  0.46953000000000006       0.98391214030176699     
  0.47052900000000003       0.98393583378443206     
  0.47152800000000006       0.98396100377366102     
  0.47252700000000003       0.98398766244311142     
  0.47352600000000006       0.98401582178756808     
  0.47452500000000003       0.98404549361927240     
  0.47552400000000006       0.98407668956393624     
  0.47652300000000003       0.98410942105737109     
  0.47752200000000006       0.98414369934176582     
  0.47852100000000003       0.98417953546234738     
  0.47952000000000006       0.98421694026425666     
  0.48051900000000003       0.98425592438920306     
  0.48151800000000006       0.98429649827258336     
  0.48251700000000003       0.98433867214056314     
  0.48351600000000006       0.98438245600738894     
  0.48451500000000003       0.98442785967276580     
  0.48551400000000006       0.98447489271942057     
  0.48651300000000003       0.98452356451082346     
  0.48751200000000006       0.98457388418899916     
  0.48851100000000003       0.98462586067265545     
  0.48951000000000006       0.98467950265522031     
  0.49050900000000003       0.98473481860322287     
  0.49150800000000006       0.98479181675482041     
  0.49250700000000003       0.98485050511847960     
  0.49350600000000006       0.98491089147165500     
  0.49450500000000003       0.98497298336003014     
  0.49550400000000006       0.98503678809641726     
  0.49650300000000003       0.98510231276025784     
  0.49750200000000006       0.98516956419711366     
  0.49850100000000003       0.98523854901833907     
  0.49950000000000006       0.98530927360091525     
  0.50049900000000003       0.98538174408749379     
  0.50149800000000000       0.98545596638667576     
  0.50249700000000008       0.98553194617332129     
  0.50349600000000005       0.98560968888917322     
  0.50449500000000003       0.98568919974356051     
  0.50549400000000000       0.98577048371436993     
  0.50649300000000008       0.98585354554915261     
  0.50749200000000005       0.98593838976629466     
  0.50849100000000003       0.98602502065667674     
  0.50949000000000000       0.98611344228508380     
  0.51048900000000008       0.98620365849223290     
  0.51148800000000005       0.98629567289653219     
  0.51248700000000003       0.98638948889642508     
  0.51348600000000011       0.98648510967261649     
  0.51448500000000008       0.98658253819056674     
  0.51548400000000005       0.98668177720319994     
  0.51648300000000003       0.98678282925368488     
  0.51748200000000011       0.98688569667849324     
  0.51848100000000008       0.98699038161042918     
  0.51948000000000005       0.98709688598211498     
  0.52047900000000002       0.98720521152926077     
  0.52147800000000011       0.98731535979445562     
  0.52247700000000008       0.98742733213085510     
  0.52347600000000005       0.98754112970606667     
  0.52447500000000002       0.98765675350631998     
  0.52547400000000011       0.98777420434057717     
  0.52647300000000008       0.98789348284494150     
  0.52747200000000005       0.98801458948706233     
  0.52847100000000002       0.98813752457080462     
  0.52947000000000011       0.98826228824100171     
  0.53046900000000008       0.98838888048824181     
  0.53146800000000005       0.98851730115388170     
  0.53246700000000002       0.98864754993519177     
  0.53346600000000011       0.98877962639050843     
  0.53446500000000008       0.98891352994459547     
  0.53546400000000005       0.98904925989398584     
  0.53646300000000002       0.98918681541262121     
  0.53746200000000011       0.98932619555741574     
  0.53846100000000008       0.98946739927392213     
  0.53946000000000005       0.98961042540220667     
  0.54045900000000002       0.98975527268274777     
  0.54145800000000011       0.98990193976229801     
  0.54245700000000008       0.99005042519997988     
  0.54345600000000005       0.99020072747348609     
  0.54445500000000002       0.99035284498509635     
  0.54545400000000011       0.99050677606807491     
  0.54645300000000008       0.99066251899280011     
  0.54745200000000005       0.99082007197332844     
  0.54845100000000002       0.99097943317362636     
  0.54945000000000010       0.99114060071409293     
  0.55044900000000008       0.99130357267810032     
  0.55144800000000005       0.99146834711843457     
  0.55244700000000002       0.99163492206390780     
  0.55344600000000010       0.99180329552602764     
  0.55444500000000008       0.99197346550550758     
  0.55544400000000005       0.99214542999897237     
  0.55644300000000002       0.99231918700566735     
  0.55744200000000010       0.99249473453412285     
  0.55844100000000008       0.99267207060876983     
  0.55944000000000005       0.99285119327677385     
  0.56043900000000002       0.99303210061470726     
  0.56143800000000010       0.99321479073522778     
  0.56243700000000008       0.99339926179386051     
  0.56343600000000005       0.99358551199564771     
  0.56443500000000002       0.99377353960189574     
  0.56543400000000010       0.99396334293691035     
  0.56643300000000008       0.99415492039457387     
  0.56743200000000005       0.99434827044513319     
  0.56843100000000002       0.99454339164181182     
  0.56943000000000010       0.99474028262740177     
  0.57042900000000007       0.99493894214096856     
  0.57142800000000005       0.99513936902437383     
  0.57242700000000002       0.99534156222885262     
  0.57342600000000010       0.99554552082157810     
  0.57442500000000007       0.99575124399213211     
  0.57542400000000005       0.99595873105901223     
  0.57642300000000002       0.99616798147608487     
  0.57742200000000010       0.99637899483895120     
  0.57842100000000007       0.99659177089136919     
  0.57942000000000005       0.99680630953155214     
  0.58041900000000002       0.99702261081851129     
  0.58141800000000010       0.99724067497830438     
  0.58241700000000007       0.99746050241022710     
  0.58341600000000005       0.99768209369305594     
  0.58441500000000002       0.99790544959113059     
  0.58541400000000010       0.99813057106050596     
  0.58641300000000007       0.99835745925501840     
  0.58741200000000005       0.99858611553222965     
  0.58841100000000002       0.99881654145949861     
  0.58941000000000010       0.99904873881988554     
  0.59040900000000007       0.99928270961802368     
  0.59140800000000004       0.99951845608599610     
  0.59240700000000002       0.99975598068918936     
  0.59340600000000010       0.99999528613198518     
  0.59440500000000007        1.0002363753635928     
  0.59540400000000004        1.0004792515836862     
  0.59640300000000002        1.0007239182480501     
  0.59740200000000010        1.0009703790742743     
  0.59840100000000007        1.0012186380473271     
  0.59940000000000004        1.0014686994250346     
  0.60039900000000002        1.0017205677436769     
  0.60139800000000010        1.0019742478234817     
  0.60239700000000007        1.0022297447740414     
  0.60339600000000004        1.0024870639997725     
  0.60439500000000002        1.0027462112053436     
  0.60539400000000010        1.0030071924009931     
  0.60639300000000007        1.0032700139079234     
  0.60739200000000004        1.0035346823636342     
  0.60839100000000002        1.0038012047272977     
  0.60939000000000010        1.0040695882849278     
  0.61038900000000007        1.0043398406547570     
  0.61138800000000004        1.0046119697925229     
  0.61238700000000001        1.0048859839966577     
  0.61338600000000010        1.0051618919136207     
  0.61438500000000007        1.0054397025430490     
  0.61538400000000004        1.0057194252431276     
  0.61638300000000001        1.0060010697357429     
  0.61738200000000010        1.0062846461117376     
  0.61838100000000007        1.0065701648362326     
  0.61938000000000004        1.0068576367537936     
  0.62037900000000001        1.0071470730938166     
  0.62137800000000010        1.0074384854757037     
  0.62237700000000007        1.0077318859142594     
  0.62337600000000004        1.0080272868249607     
  0.62437500000000001        1.0083247010293450     
  0.62537400000000010        1.0086241417603419     
  0.62637300000000007        1.0089256226677539     
  0.62737200000000004        1.0092291578236545     
  0.62837100000000001        1.0095347617278461     
  0.62937000000000010        1.0098424493134450     
  0.63036900000000007        1.0101522359523738     
  0.63136800000000004        1.0104641374610424     
  0.63236700000000001        1.0107781701059786     
  0.63336600000000010        1.0110943506095902     
  0.63436500000000007        1.0114126961558731     
  0.63536400000000004        1.0117332243963122     
  0.63636300000000001        1.0120559534558131     
  0.63736200000000010        1.0123809019386272     
  0.63836100000000007        1.0127080889344753     
  0.63936000000000004        1.0130375340246265     
  0.64035900000000012        1.0133692572881963     
  0.64135800000000009        1.0137032793083991     
  0.64235700000000007        1.0140396211789722     
  0.64335600000000004        1.0143783045106893     
  0.64435500000000012        1.0147193514379662     
  0.64535400000000009        1.0150627846255798     
  0.64635300000000007        1.0154086272754534     
  0.64735200000000004        1.0157569031336529     
  0.64835100000000012        1.0161076364973878     
  0.64935000000000009        1.0164608522222667     
  0.65034900000000007        1.0168165757295138     
  0.65134800000000004        1.0171748330135209     
  0.65234700000000012        1.0175356506493840     
  0.65334600000000009        1.0178990558006396     
  0.65434500000000007        1.0182650762271770     
  0.65534400000000004        1.0186337402932426     
  0.65634300000000012        1.0190050769757384     
  0.65734200000000009        1.0193791158724403     
  0.65834100000000007        1.0197558872106984     
  0.65934000000000004        1.0201354218560732     
  0.66033900000000012        1.0205177513212584     
  0.66133800000000009        1.0209029077752234     
  0.66233700000000006        1.0212909240524426     
  0.66333600000000004        1.0216818336624944     
  0.66433500000000012        1.0220756707996208     
  0.66533400000000009        1.0224724703528194     
  0.66633300000000006        1.0228722679158799     
  0.66733200000000004        1.0232750997978115     
  0.66833100000000012        1.0236810030334258     
  0.66933000000000009        1.0240900153942194     
  0.67032900000000006        1.0245021753994650     
  0.67132800000000004        1.0249175223275708     
  0.67232700000000012        1.0253360962277489     
  0.67332600000000009        1.0257579379318713     
  0.67432500000000006        1.0261830890666517     
  0.67532400000000004        1.0266115920661558     
  0.67632300000000012        1.0270434901845509     
  0.67732200000000009        1.0274788275091640     
  0.67832100000000006        1.0279176489738910     
  0.67932000000000003        1.0283600003728897     
  0.68031900000000012        1.0288059283746156     
  0.68131800000000009        1.0292554805362546     
  0.68231700000000006        1.0297087053183811     
  0.68331600000000003        1.0301656521000910     
  0.68431500000000012        1.0306263711944783     
  0.68531400000000009        1.0310909138644304     
  0.68631300000000006        1.0315593323389154     
  0.68731200000000003        1.0320316798295721     
  0.68831100000000012        1.0325080105477789     
  0.68931000000000009        1.0329883797221291     
  0.69030900000000006        1.0334728436163114     
  0.69130800000000003        1.0339614595474995     
  0.69230700000000012        1.0344542859051289     
  0.69330600000000009        1.0349513821702174     
  0.69430500000000006        1.0354528089350989     
  0.69530400000000003        1.0359586279237261     
  0.69630300000000012        1.0364689020124254     
  0.69730200000000009        1.0369836952512319     
  0.69830100000000006        1.0375030728857351     
  0.69930000000000003        1.0380271013794355     
  0.70029900000000012        1.0385558484367974     
  0.70129800000000009        1.0390893830267707     
  0.70229700000000006        1.0396277754069476     
  0.70329600000000003        1.0401710971483855     
  0.70429500000000012        1.0407194211610102     
  0.70529400000000009        1.0412728217197063     
  0.70629300000000006        1.0418313744910577     
  0.70729200000000003        1.0423951565608149     
  0.70829100000000011        1.0429642464620668     
  0.70929000000000009        1.0435387242040974     
  0.71028900000000006        1.0441186713020441     
  0.71128800000000003        1.0447041708073459     
  0.71228700000000011        1.0452953073389364     
  0.71328600000000009        1.0458921671153041     
  0.71428500000000006        1.0464948379873318     
  0.71528400000000003        1.0471034094720995     
  0.71628300000000011        1.0477179727875023     
  0.71728200000000009        1.0483386208877616     
  0.71828100000000006        1.0489654485000406     
  0.71928000000000003        1.0495985521618201     
  0.72027900000000011        1.0502380302594319     
  0.72127800000000009        1.0508839830675369     
  0.72227700000000006        1.0515365127897387     
  0.72327600000000003        1.0521957236001840     
  0.72427500000000011        1.0528617216864111     
  0.72527400000000009        1.0535346152932585     
  0.72627300000000006        1.0542145147680171     
  0.72727200000000003        1.0549015326068121     
  0.72827100000000011        1.0555957835021981     
  0.72927000000000008        1.0562973843921384     
  0.73026900000000006        1.0570064545102638     
  0.73126800000000003        1.0577231154375406     
  0.73226700000000011        1.0584474911554003     
  0.73326600000000008        1.0591797081002445     
  0.73426500000000006        1.0599198952195592     
  0.73526400000000003        1.0606681840295957     
  0.73626300000000011        1.0614247086745514     
  0.73726200000000008        1.0621896059876024     
  0.73826100000000006        1.0629630155533938     
  0.73926000000000003        1.0637450797725989     
  0.74025900000000011        1.0645359439280435     
  0.74125800000000008        1.0653357562528618     
  0.74225700000000006        1.0661446680005728     
  0.74325600000000003        1.0669628335170962     
  0.74425500000000011        1.0677904103149409     
  0.74525400000000008        1.0686275591494270     
  0.74625300000000006        1.0694744440972102     
  0.74725200000000003        1.0703312326370122     
  0.74825100000000011        1.0711980957327192     
  0.74925000000000008        1.0720752079189664     
  0.75024900000000005        1.0729627473891468     
  0.75124800000000003        1.0738608960861007     
  0.75224700000000011        1.0747698397953847     
  0.75324600000000008        1.0756897682414375     
  0.75424500000000005        1.0766208751864892     
  0.75524400000000003        1.0775633585325022     
  0.75624300000000011        1.0785174204261707     
  0.75724200000000008        1.0794832673670345     
  0.75824100000000005        1.0804611103189354     
  0.75924000000000003        1.0814511648248035     
  0.76023900000000011        1.0824536511249687     
  0.76123800000000008        1.0834687942791095     
  0.76223700000000005        1.0844968242919244     
  0.76323600000000003        1.0855379762427140     
  0.76423500000000011        1.0865924904189419     
  0.76523400000000008        1.0876606124540336     
  0.76623300000000005        1.0887425934693635     
  0.76723200000000014        1.0898386902208164     
  0.76823100000000011        1.0909491652499475     
  0.76923000000000008        1.0920742870398441     
  0.77022900000000005        1.0932143301760699     
  0.77122800000000014        1.0943695755126777     
  0.77222700000000011        1.0955403103435641     
  0.77322600000000008        1.0967268285793637     
  0.77422500000000005        1.0979294309300534     
  0.77522400000000014        1.0991484250935060     
  0.77622300000000011        1.1003841259502256     
  0.77722200000000008        1.1016368557644141     
  0.77822100000000005        1.1029069443917485     
  0.77922000000000013        1.1041947294939656     
  0.78021900000000011        1.1055005567606788     
  0.78121800000000008        1.1068247801384965     
  0.78221700000000005        1.1081677620679462     
  0.78321600000000013        1.1095298737283206     
  0.78421500000000011        1.1109114952908761     
  0.78521400000000008        1.1123130161806503     
  0.78621300000000005        1.1137348353472178     
  0.78721200000000013        1.1151773615447769     
  0.78821100000000011        1.1166410136219678     
  0.78921000000000008        1.1181262208216936     
  0.79020900000000005        1.1196334230914351     
  0.79120800000000013        1.1211630714044871     
  0.79220700000000011        1.1227156280924639     
  0.79320600000000008        1.1242915671897007     
  0.79420500000000005        1.1258913747897648     
  0.79520400000000013        1.1275155494149067     
  0.79620300000000011        1.1291646023986861     
  0.79720200000000008        1.1308390582824792     
  0.79820100000000005        1.1325394552264902     
  0.79920000000000013        1.1342663454356294     
  0.80019900000000010        1.1360202956011740     
  0.80119800000000008        1.1378018873587290     
  0.80219700000000005        1.1396117177631415     
  0.80319600000000013        1.1414503997812500     
  0.80419500000000010        1.1433185628029994     
  0.80519400000000008        1.1452168531720179     
  0.80619300000000005        1.1471459347361961     
  0.80719200000000013        1.1491064894193703     
  0.80819100000000010        1.1510992178149189     
  0.80919000000000008        1.1531248398022178     
  0.81018900000000005        1.1551840951871433     
  0.81118800000000013        1.1572777443674633     
  0.81218700000000010        1.1594065690244131     
  0.81318600000000008        1.1615713728415102     
  0.81418500000000005        1.1637729822520093     
  0.81518400000000013        1.1660122472160888     
  0.81618300000000010        1.1682900420293718     
  0.81718200000000007        1.1706072661639961     
  0.81818100000000005        1.1729648451439942     
  0.81918000000000013        1.1753637314563361     
  0.82017900000000010        1.1778049054995385     
  0.82117800000000007        1.1802893765714875     
  0.82217700000000005        1.1828181838983205     
  0.82317600000000013        1.1853923977065171     
  0.82417500000000010        1.1880131203400746     
  0.82517400000000007        1.1906814874250271     
  0.82617300000000005        1.1933986690837435     
  0.82717200000000013        1.1961658712012375     
  0.82817100000000010        1.1989843367462494     
  0.82917000000000007        1.2018553471496898     
  0.83016900000000005        1.2047802237434546     
  0.83116800000000013        1.2077603292625143     
  0.83216700000000010        1.2107970694136259     
  0.83316600000000007        1.2138918945139079     
  0.83416500000000005        1.2170463012031012     
  0.83516400000000013        1.2202618342330722     
  0.83616300000000010        1.2235400883387784     
  0.83716200000000007        1.2268827101948778     
  0.83816100000000004        1.2302914004625465     
  0.83916000000000013        1.2337679159312491     
  0.84015900000000010        1.2373140717606228     
  0.84115800000000007        1.2409317438277612     
  0.84215700000000004        1.2446228711857763     
  0.84315600000000013        1.2483894586395226     
  0.84415500000000010        1.2522335794451480     
  0.84515400000000007        1.2561573781400943     
  0.84615300000000004        1.2601630735111116     
  0.84715200000000013        1.2642529617077078     
  0.84815100000000010        1.2684294195096233     
  0.84915000000000007        1.2726949077568168     
  0.85014900000000004        1.2770519749514841     
  0.85114800000000013        1.2815032610420032     
  0.85214700000000010        1.2860515013993057     
  0.85314600000000007        1.2906995309972698     
  0.85414500000000004        1.2954502888087980     
  0.85514400000000013        1.3003068224308207     
  0.85614300000000010        1.3052722929517195     
  0.85714200000000007        1.3103499800759160     
  0.85814100000000004        1.3155432875214519     
  0.85914000000000013        1.3208557487070045     
  0.86013900000000010        1.3262910327466706     
  0.86113800000000007        1.3318529507714263     
  0.86213700000000004        1.3375454625979646     
  0.86313600000000013        1.3433726837669324     
  0.86413500000000010        1.3493388929741157     
  0.86513400000000007        1.3554485399199951     
  0.86613300000000004        1.3617062536048488     
  0.86713200000000012        1.3681168510984703     
  0.86813100000000010        1.3746853468160700     
  0.86913000000000007        1.3814169623339199     
  0.87012900000000004        1.3883171367810148     
  0.87112800000000012        1.3953915378459145     
  0.87212700000000010        1.4026460734405930     
  0.87312600000000007        1.4100869040668089     
  0.87412500000000004        1.4177204559335903     
  0.87512400000000012        1.4255534348787782     
  0.87612300000000010        1.4335928411512533     
  0.87712200000000007        1.4418459851155296     
  0.87812100000000004        1.4503205039449374     
  0.87912000000000012        1.4590243793753868     
  0.88011900000000010        1.4679659565974434     
  0.88111800000000007        1.4771539643709204     
  0.88211700000000004        1.4865975364534516     
  0.88311600000000012        1.4963062344419558     
  0.88411500000000010        1.5062900721346049     
  0.88511400000000007        1.5165595415302420     
  0.88611300000000004        1.5271256405920359     
  0.88711200000000012        1.5379999029138161     
  0.88811100000000009        1.5491944294393951     
  0.88911000000000007        1.5607219223990041     
  0.89010900000000004        1.5725957216415423     
  0.89110800000000012        1.5848298435580910     
  0.89210700000000009        1.5974390228096158     
  0.89310600000000007        1.6104387570924714     
  0.89410500000000004        1.6238453551964895     
  0.89510400000000012        1.6376759886353893     
  0.89610300000000009        1.6519487471558731     
  0.89710200000000007        1.6666826984615866     
  0.89810100000000015        1.6818979525212927     
  0.89910000000000012        1.6976157308671895     
  0.90009900000000009        1.7138584413303162     
  0.90109800000000007        1.7306497587050003     
  0.90209700000000015        1.7480147118851714     
  0.90309600000000012        1.7659797780716593     
  0.90409500000000009        1.7845729847122329     
  0.90509400000000007        1.8038240199067901     
  0.90609300000000015        1.8237643520885218     
  0.90709200000000012        1.8444273598800742     
  0.90809100000000009        1.8658484731224938     
  0.90909000000000006        1.8880653261858391     
  0.91008900000000015        1.9111179247951182     
  0.91108800000000012        1.9350488277456741     
  0.91208700000000009        1.9599033450408558     
  0.91308600000000006        1.9857297541635162     
  0.91408500000000015        2.0125795363954246     
  0.91508400000000012        2.0405076353279212     
  0.91608300000000009        2.0695727399666448     
  0.91708200000000006        2.0998375951289154     
  0.91808100000000015        2.1313693421678281     
  0.91908000000000012        2.1642398934396625     
  0.92007900000000009        2.1985263443684313     
  0.92107800000000006        2.2343114274599780     
  0.92207700000000015        2.2716840131903147     
  0.92307600000000012        2.3107396633483028     
  0.92407500000000009        2.3515812431669376     
  0.92507400000000006        2.3943195994448931     
  0.92607300000000015        2.4390743128614969     
  0.92707200000000012        2.4859745338450763     
  0.92807100000000009        2.5351599126947058     
  0.92907000000000006        2.5867816362107634     
  0.93006900000000015        2.6410035848974704     
  0.93106800000000012        2.6980036269094692     
  0.93206700000000009        2.7579750673751136     
  0.93306600000000006        2.8211282746125654     
  0.93406500000000015        2.8876925081368050     
  0.93506400000000012        2.9579179773342976     
  0.93606300000000009        3.0320781643753469     
  0.93706200000000006        3.1104724504808696     
  0.93806100000000014        3.1934290912387255     
  0.93906000000000012        3.2813085944814921     
  0.94005900000000009        3.3745075635590451     
  0.94105800000000006        3.4734630799802080     
  0.94205700000000014        3.5786577127605397     
  0.94305600000000012        3.6906252578850167     
  0.94405500000000009        3.8099573306897279     
  0.94505400000000006        3.9373109574495704     
  0.94605300000000014        4.0734173409893843     
  0.94705200000000012        4.2190920099201685     
  0.94805100000000009        4.3752466036722071     
  0.94905000000000006        4.5429025977868047     
  0.95004900000000014        4.7232073384241682     
  0.95104800000000012        4.9174528349083815     
  0.95204700000000009        5.1270978584636229     
  0.95304600000000006        5.3537940193776690     
  0.95404500000000014        5.5994166505579086     
  0.95504400000000012        5.8661015218252599     
  0.95604300000000009        6.1562886581815226     
  0.95704200000000006        6.4727748523811126     
  0.95804100000000014        6.8187768683332894     
  0.95904000000000011        7.1980078551716815     
  0.96003900000000009        7.6147701700472625     
  0.96103800000000006        8.0740686921835714     
  0.96203700000000014        8.5817498717834901     
  0.96303600000000011        9.1446732919530529     
  0.96403500000000009        9.7709245647600227     
  0.96503400000000006        10.470081122963471     
  0.96603300000000014        11.253546174422624     
  0.96703200000000011        12.134971138900058     
  0.96803100000000009        13.130793838268522     
  0.96903000000000006        14.260929364746060     
  0.97002900000000014        15.549664092473096     
  0.97102800000000011        17.026822492486641     
  0.97202700000000009        18.729303928464070     
  0.97302600000000006        20.703126534270336     
  0.97402500000000014        23.006173943193790     
  0.97502400000000011        25.711928041718725     
  0.97602300000000008        28.914603055650659     
  0.97702200000000006        32.736299214296125     
  0.97802100000000014        37.337111268167234     
  0.97902000000000011        42.929631602813906     
  0.98001900000000008        49.800106616628966     
  0.98101800000000006        58.339863685833166     
  0.98201700000000014        69.092934452815470     
  0.98301600000000011        82.829826185516126     
  0.98401500000000008        100.66462020689507     
  0.98501400000000006        124.24597270039297     
  0.98601300000000014        156.07832876531799     
  0.98701200000000011        200.08113030969835     
  0.98801100000000008        262.60153611431627     
  0.98901000000000006        354.33376193459793     
  0.99000900000000014        494.15464507465708     
  0.99100800000000011        717.28380163797692     
  0.99200700000000008        1094.0002799098236     
  0.99300600000000006        1776.7180254882333     
  0.99400500000000014        3132.9493775037049     
  0.99500400000000011        6182.0882406365345     
  0.99600300000000008        14359.182646577810     
  0.99700200000000005        43162.711476111850     
  0.99800100000000014        207721.49031962102     
  0.99900000000000011        3154709.3977400977     
