   9.9900000000000010E-004   7.7098287078989052E-005   7.6685662173512801E-005
   1.9980000000000002E-003   1.5475679301946700E-004   1.5392884252723904E-004
   2.9970000000000005E-003   2.3297954510103879E-004   2.3173353843913120E-004
   3.9960000000000004E-003   3.1177060153158908E-004   3.1010377778379488E-004
   4.9950000000000003E-003   3.9113405169120921E-004   3.8904361916989406E-004
   5.9940000000000011E-003   4.7107401637785923E-004   4.6855715217919121E-004
   6.9930000000000010E-003   5.5159464805477399E-004   5.4864849760727851E-004
   7.9920000000000008E-003   6.3270013109966339E-004   6.2932180770591351E-004
   8.9910000000000007E-003   7.1439468205561764E-004   7.1058126642707534E-004
   9.9900000000000006E-003   7.9668254988383817E-004   7.9243108966863234E-004
   1.0989000000000001E-002   8.7956801621810927E-004   8.7487552552170927E-004
   1.1988000000000002E-002   9.6305539562104448E-004   9.5791885451972070E-004
   1.2987000000000002E-002   1.0471490358421522E-003   1.0415653898890906E-003
   1.3986000000000002E-002   1.1318533180776464E-003   1.1258194778016293E-003
   1.4985000000000002E-002   1.2171726572320722E-003   1.2106854976285872E-003
   1.5984000000000002E-002   1.3031115021817307E-003   1.2961678621964674E-003
   1.6983000000000002E-002   1.3896743360398971E-003   1.3822710180444180E-003
   1.7982000000000001E-002   1.4768656764238357E-003   1.4689994456833523E-003
   1.8981000000000001E-002   1.5646900757236338E-003   1.5563576598568191E-003
   1.9980000000000001E-002   1.6531521213728475E-003   1.6443502098034890E-003
   2.0979000000000001E-002   1.7422564361209627E-003   1.7329816795213530E-003
   2.1978000000000001E-002   1.8320076783076334E-003   1.8222566880336506E-003
   2.2977000000000001E-002   1.9224105421387968E-003   1.9121798896564075E-003
   2.3976000000000004E-002   2.0134697579645847E-003   2.0027559742678150E-003
   2.4975000000000004E-002   2.1051900925590132E-003   2.0939896675791340E-003
   2.5974000000000004E-002   2.1975763494015816E-003   2.1858857314073911E-003
   2.6973000000000004E-002   2.2906333689606071E-003   2.2784489639497670E-003
   2.7972000000000004E-002   2.3843660289784587E-003   2.3716842000596531E-003
   2.8971000000000004E-002   2.4787792447585311E-003   2.4655963115244170E-003
   2.9970000000000004E-002   2.5738779694541194E-003   2.5601902073447689E-003
   3.0969000000000003E-002   2.6696671943591162E-003   2.6554708340159870E-003
   3.1968000000000003E-002   2.7661519492004185E-003   2.7514431758107029E-003
   3.2967000000000003E-002   2.8633373024323358E-003   2.8481122550632577E-003
   3.3966000000000003E-002   2.9612283615326473E-003   2.9454831324560735E-003
   3.4965000000000003E-002   3.0598302733005770E-003   3.0435609073073324E-003
   3.5964000000000003E-002   3.1591482241565562E-003   3.1423507178605366E-003
   3.6963000000000003E-002   3.2591874404438005E-003   3.2418577415756784E-003
   3.7962000000000003E-002   3.3599531887316177E-003   3.3420871954220098E-003
   3.8961000000000003E-002   3.4614507761207241E-003   3.4430443361724537E-003
   3.9960000000000002E-002   3.5636855505500769E-003   3.5447344606999694E-003
   4.0959000000000002E-002   3.6666629011057523E-003   3.6471629062749650E-003
   4.1958000000000002E-002   3.7703882583314395E-003   3.7503350508648354E-003
   4.2957000000000002E-002   3.8748670945407938E-003   3.8542563134349840E-003
   4.3956000000000002E-002   3.9801049241315785E-003   3.9589321542513548E-003
   4.4955000000000002E-002   4.0861073039014807E-003   4.0643680751846004E-003
   4.5954000000000002E-002   4.1928798333657931E-003   4.1705696200159030E-003
   4.6953000000000002E-002   4.3004281550768249E-003   4.2775423747444018E-003
   4.7952000000000009E-002   4.4087579549449418E-003   4.3852919678961030E-003
   4.8951000000000008E-002   4.5178749625614687E-003   4.4938240708342564E-003
   4.9950000000000008E-002   4.6277849515233074E-003   4.6031443980714716E-003
   5.0949000000000008E-002   4.7384937397591262E-003   4.7132587075833822E-003
   5.1948000000000008E-002   4.8500071898574014E-003   4.8241728011234730E-003
   5.2947000000000008E-002   4.9623312093960660E-003   4.9358925245398437E-003
   5.3946000000000008E-002   5.0754717512738008E-003   5.0484237680932294E-003
   5.4945000000000008E-002   5.1894348140430948E-003   5.1617724667765005E-003
   5.5944000000000008E-002   5.3042264422447881E-003   5.2759446006355841E-003
   5.6943000000000007E-002   5.4198527267443203E-003   5.3909461950919415E-003
   5.7942000000000007E-002   5.5363198050696772E-003   5.5067833212662960E-003
   5.8941000000000007E-002   5.6536338617507566E-003   5.6234620963039076E-003
   5.9940000000000007E-002   5.7718011286603211E-003   5.7409886837010678E-003
   6.0939000000000007E-002   5.8908278853566998E-003   5.8593692936331149E-003
   6.1938000000000007E-002   6.0107204594278020E-003   5.9786101832836223E-003
   6.2937000000000007E-002   6.1314852268366813E-003   6.0987176571746880E-003
   6.3936000000000007E-002   6.2531286122687419E-003   6.2196980674993482E-003
   6.4935000000000007E-002   6.3756570894801306E-003   6.3415578144539967E-003
   6.5934000000000006E-002   6.4990771816478363E-003   6.4643033465729598E-003
   6.6933000000000006E-002   6.6233954617210969E-003   6.5879411610641177E-003
   6.7932000000000006E-002   6.7486185527740874E-003   6.7124778041452440E-003
   6.8931000000000006E-002   6.8747531283601298E-003   6.8379198713819193E-003
   6.9930000000000006E-002   7.0018059128672183E-003   6.9642740080265242E-003
   7.0929000000000006E-002   7.1297836818746832E-003   7.0915469093578579E-003
   7.1928000000000006E-002   7.2586932625112819E-003   7.2197453210226248E-003
   7.2927000000000006E-002   7.3885415338145050E-003   7.3488760393768471E-003
   7.3926000000000006E-002   7.5193354270909445E-003   7.4789459118291676E-003
   7.4925000000000005E-002   7.6510819262780756E-003   7.6099618371846924E-003
   7.5924000000000005E-002   7.7837880683069485E-003   7.7419307659897215E-003
   7.6923000000000005E-002   7.9174609434660374E-003   7.8748597008771425E-003
   7.7922000000000005E-002   8.0521076957661662E-003   8.0087556969132140E-003
   7.8921000000000005E-002   8.1877355233064449E-003   8.1436258619442918E-003
   7.9920000000000005E-002   8.3243516786412567E-003   8.2794773569452411E-003
   8.0919000000000005E-002   8.4619634691478242E-003   8.4163173963675807E-003
   8.1918000000000005E-002   8.6005782573951532E-003   8.5541532484884174E-003
   8.2917000000000005E-002   8.7402034615134527E-003   8.6929922357610635E-003
   8.3916000000000004E-002   8.8808465555644655E-003   8.8328417351644078E-003
   8.4915000000000004E-002   9.0225150699125428E-003   8.9737091785539718E-003
   8.5914000000000004E-002   9.1652165915962775E-003   9.1156020530132505E-003
   8.6913000000000004E-002   9.3089587647010533E-003   9.2585279012045857E-003
   8.7912000000000004E-002   9.4537492907318006E-003   9.4024943217219537E-003
   8.8911000000000004E-002   9.5995959289864336E-003   9.5475089694418269E-003
   8.9910000000000004E-002   9.7465064969298760E-003   9.6935795558761393E-003
   9.0909000000000004E-002   9.8944888705682684E-003   9.8407138495243685E-003
   9.1908000000000004E-002   1.0043550984823612E-002   9.9889196762257340E-003
   9.2907000000000003E-002   1.0193700833908737E-002   1.0138204919511716E-002
   9.3906000000000003E-002   1.0344946471702312E-002   1.0288577520958296E-002
   9.4905000000000003E-002   1.0497296012123895E-002   1.0440045480537537E-002
   9.5904000000000017E-002   1.0650757629509643E-002   1.0592616856970303E-002
   9.6903000000000017E-002   1.0805339558987095E-002   1.0746299768076610E-002
   9.7902000000000017E-002   1.0961050096850776E-002   1.0901102391127781E-002
   9.8901000000000017E-002   1.1117897600936696E-002   1.1057032963196425E-002
   9.9900000000000017E-002   1.1275890490997687E-002   1.1214099781506424E-002
  0.10089900000000002        1.1435037249077261E-002   1.1372311203782947E-002
  0.10189800000000002        1.1595346419883874E-002   1.1531675648600394E-002
  0.10289700000000002        1.1756826611164494E-002   1.1692201595730521E-002
  0.10389600000000002        1.1919486494077132E-002   1.1853897586489840E-002
  0.10489500000000002        1.2083334803563387E-002   1.2016772224084466E-002
  0.10589400000000002        1.2248380338719677E-002   1.2180834173956040E-002
  0.10689300000000002        1.2414631963167572E-002   1.2346092164124118E-002
  0.10789200000000002        1.2582098605423694E-002   1.2512554985529428E-002
  0.10889100000000002        1.2750789259267706E-002   1.2680231492373947E-002
  0.10989000000000002        1.2920712984109895E-002   1.2849130602460582E-002
  0.11088900000000002        1.3091878905356728E-002   1.3019261297530799E-002
  0.11188800000000002        1.3264296214775420E-002   1.3190632623600280E-002
  0.11288700000000002        1.3437974170857058E-002   1.3363253691292133E-002
  0.11388600000000001        1.3612922099177520E-002   1.3537133676170529E-002
  0.11488500000000001        1.3789149392757058E-002   1.3712281819068618E-002
  0.11588400000000001        1.3966665512417934E-002   1.3888707426417487E-002
  0.11688300000000001        1.4145479987139567E-002   1.4066419870570205E-002
  0.11788200000000001        1.4325602414412291E-002   1.4245428590125469E-002
  0.11888100000000001        1.4507042460587871E-002   1.4425743090245921E-002
  0.11988000000000001        1.4689809861228170E-002   1.4607372942976602E-002
  0.12087900000000001        1.4873914421451254E-002   1.4790327787558736E-002
  0.12187800000000001        1.5059366016274025E-002   1.4974617330739964E-002
  0.12287700000000001        1.5246174590952887E-002   1.5160251347082709E-002
  0.12387600000000001        1.5434350161320649E-002   1.5347239679268423E-002
  0.12487500000000001        1.5623902814120566E-002   1.5535592238397873E-002
  0.12587400000000001        1.5814842707336556E-002   1.5725319004287593E-002
  0.12687300000000001        1.6007180070520554E-002   1.5916430025764438E-002
  0.12787200000000001        1.6200925205115176E-002   1.6108935420952000E-002
  0.12887100000000001        1.6396088484773471E-002   1.6302845377557332E-002
  0.12987000000000001        1.6592680355673645E-002   1.6498170153149746E-002
  0.13086900000000001        1.6790711336830393E-002   1.6694920075435649E-002
  0.13186800000000001        1.6990192020400811E-002   1.6893105542530994E-002
  0.13286700000000001        1.7191133071986019E-002   1.7092737023224756E-002
  0.13386600000000001        1.7393545230928557E-002   1.7293825057239698E-002
  0.13486500000000001        1.7597439310603376E-002   1.7496380255487543E-002
  0.13586400000000001        1.7802826198704443E-002   1.7700413300316971E-002
  0.13686300000000001        1.8009716857525612E-002   1.7905934945757842E-002
  0.13786200000000001        1.8218122324235912E-002   1.8112956017756830E-002
  0.13886100000000001        1.8428053711147929E-002   1.8321487414409202E-002
  0.13986000000000001        1.8639522205981352E-002   1.8531540106181674E-002
  0.14085900000000001        1.8852539072119329E-002   1.8743125136130630E-002
  0.14185800000000001        1.9067115648857616E-002   1.8956253620111115E-002
  0.14285700000000001        1.9283263351647657E-002   1.9170936746980061E-002
  0.14385600000000001        1.9500993672332313E-002   1.9387185778791609E-002
  0.14485500000000001        1.9720318179373315E-002   1.9605012050984076E-002
  0.14585400000000001        1.9941248518071900E-002   1.9824426972558370E-002
  0.14685300000000001        2.0163796410780855E-002   2.0045442026250110E-002
  0.14785200000000001        2.0387973657108677E-002   2.0268068768690688E-002
  0.14885100000000001        2.0613792134114354E-002   2.0492318830560633E-002
  0.14985000000000001        2.0841263796494130E-002   2.0718203916732864E-002
  0.15084900000000001        2.1070400676758635E-002   2.0945735806407517E-002
  0.15184800000000001        2.1301214885400023E-002   2.1174926353236267E-002
  0.15284700000000001        2.1533718611050554E-002   2.1405787485435788E-002
  0.15384600000000001        2.1767924120629313E-002   2.1638331205891988E-002
  0.15484500000000001        2.2003843759480033E-002   2.1872569592252675E-002
  0.15584400000000001        2.2241489951496801E-002   2.2108514797008157E-002
  0.15684300000000001        2.2480875199239282E-002   2.2346179047563159E-002
  0.15784200000000001        2.2722012084036233E-002   2.2585574646292867E-002
  0.15884100000000001        2.2964913266077039E-002   2.2826713970590402E-002
  0.15984000000000001        2.3209591484490907E-002   2.3069609472899131E-002
  0.16083900000000001        2.3456059557413197E-002   2.3314273680732873E-002
  0.16183800000000001        2.3704330382039691E-002   2.3560719196684662E-002
  0.16283700000000001        2.3954416934665681E-002   2.3808958698416701E-002
  0.16383600000000001        2.4206332270712765E-002   2.4059004938642034E-002
  0.16483500000000001        2.4460089524740283E-002   2.4310870745087743E-002
  0.16583400000000001        2.4715701910442853E-002   2.4564569020444592E-002
  0.16683300000000001        2.4973182720632217E-002   2.4820112742301233E-002
  0.16783200000000001        2.5232545327203364E-002   2.5077514963061567E-002
  0.16883100000000001        2.5493803181085167E-002   2.5336788809847712E-002
  0.16983000000000001        2.5756969812174089E-002   2.5597947484384126E-002
  0.17082900000000001        2.6022058829251252E-002   2.5861004262866749E-002
  0.17182800000000001        2.6289083919881290E-002   2.6125972495811337E-002
  0.17282700000000001        2.6558058850294157E-002   2.6392865607886194E-002
  0.17382600000000001        2.6828997465248011E-002   2.6661697097727571E-002
  0.17482500000000001        2.7101913687872549E-002   2.6932480537730501E-002
  0.17582400000000001        2.7376821519494533E-002   2.7205229573825939E-002
  0.17682300000000001        2.7653735039441265E-002   2.7479957925233705E-002
  0.17782200000000001        2.7932668404824466E-002   2.7756679384196518E-002
  0.17882100000000001        2.8213635850303481E-002   2.8035407815692533E-002
  0.17982000000000001        2.8496651687825239E-002   2.8316157157126026E-002
  0.18081900000000001        2.8781730306344056E-002   2.8598941417995374E-002
  0.18181800000000001        2.9068886171515925E-002   2.8883774679537424E-002
  0.18281700000000001        2.9358133825372255E-002   2.9170671094350932E-002
  0.18381600000000001        2.9649487885966493E-002   2.9459644885991558E-002
  0.18481500000000001        2.9942963046998717E-002   2.9750710348548301E-002
  0.18581400000000001        3.0238574077412650E-002   3.0043881846186643E-002
  0.18681300000000001        3.0536335820968191E-002   3.0339173812673668E-002
  0.18781200000000001        3.0836263195786438E-002   3.0636600750870109E-002
  0.18881100000000001        3.1138371193867358E-002   3.0936177232200105E-002
  0.18981000000000001        3.1442674880580210E-002   3.1237917896088693E-002
  0.19080900000000001        3.1749189394123460E-002   3.1541837449373722E-002
  0.19180800000000003        3.2057929944957181E-002   3.1847950665688053E-002
  0.19280700000000003        3.2368911815204023E-002   3.2156272384808865E-002
  0.19380600000000003        3.2682150358019406E-002   3.2466817511981202E-002
  0.19480500000000003        3.2997660996930474E-002   3.2779601017205104E-002
  0.19580400000000003        3.3315459225141300E-002   3.3094637934494187E-002
  0.19680300000000003        3.3635560604806977E-002   3.3411943361098879E-002
  0.19780200000000003        3.3957980766270872E-002   3.3731532456695155E-002
  0.19880100000000003        3.4282735407269560E-002   3.4053420442544731E-002
  0.19980000000000003        3.4609840292100222E-002   3.4377622600611252E-002
  0.20079900000000003        3.4939311250752170E-002   3.4704154272647558E-002
  0.20179800000000003        3.5271164178001441E-002   3.5033030859239742E-002
  0.20279700000000003        3.5605415032465365E-002   3.5364267818822251E-002
  0.20379600000000003        3.5942079835620359E-002   3.5697880666642159E-002
  0.20479500000000003        3.6281174670777329E-002   3.6033884973696577E-002
  0.20579400000000003        3.6622715682017810E-002   3.6372296365620137E-002
  0.20679300000000003        3.6966719073086705E-002   3.6713130521536359E-002
  0.20779200000000003        3.7313201106243449E-002   3.7056403172866188E-002
  0.20879100000000003        3.7662178101067867E-002   3.7402130102089634E-002
  0.20979000000000003        3.8013666433222855E-002   3.7750327141469989E-002
  0.21078900000000003        3.8367682533169668E-002   3.8101010171727678E-002
  0.21178800000000003        3.8724242884836835E-002   3.8454195120669596E-002
  0.21278700000000003        3.9083364024241923E-002   3.8809897961772935E-002
  0.21378600000000003        3.9445062538063451E-002   3.9168134712720584E-002
  0.21478500000000003        3.9809355062162904E-002   3.9528921433885464E-002
  0.21578400000000003        4.0176258280056026E-002   3.9892274226768477E-002
  0.21678300000000003        4.0545788921331802E-002   4.0258209232382922E-002
  0.21778200000000003        4.0917963760018022E-002   4.0626742629587785E-002
  0.21878100000000003        4.1292799612892457E-002   4.0997890633368644E-002
  0.21978000000000003        4.1670313337738733E-002   4.1371669493061695E-002
  0.22077900000000003        4.2050521831545104E-002   4.1748095490527042E-002
  0.22177800000000003        4.2433442028645789E-002   4.2127184938263958E-002
  0.22277700000000003        4.2819090898802384E-002   4.2508954177463060E-002
  0.22377600000000003        4.3207485445226471E-002   4.2893419576010450E-002
  0.22477500000000003        4.3598642702538777E-002   4.3280597526424450E-002
  0.22577400000000003        4.3992579734667435E-002   4.3670504443731502E-002
  0.22677300000000003        4.4389313632680866E-002   4.4063156763285476E-002
  0.22777200000000003        4.4788861512556094E-002   4.4458570938518259E-002
  0.22877100000000003        4.5191240512880454E-002   4.4856763438627829E-002
  0.22977000000000003        4.5596467792484947E-002   4.5257750746202155E-002
  0.23076900000000003        4.6004560528009143E-002   4.5661549354773207E-002
  0.23176800000000003        4.6415535911394253E-002   4.6068175766305980E-002
  0.23276700000000003        4.6829411147306342E-002   4.6477646488615548E-002
  0.23376600000000003        4.7246203450484303E-002   4.6889978032713879E-002
  0.23476500000000003        4.7665930043014511E-002   4.7305186910087116E-002
  0.23576400000000003        4.8088608151528149E-002   4.7723289629897615E-002
  0.23676300000000003        4.8514255004322875E-002   4.8144302696108088E-002
  0.23776200000000003        4.8942887828404294E-002   4.8568242604538743E-002
  0.23876100000000003        4.9374523846447332E-002   4.8995125839838026E-002
  0.23976000000000003        4.9809180273675806E-002   4.9424968872380667E-002
  0.24075900000000003        5.0246874314659538E-002   4.9857788155082711E-002
  0.24175800000000003        5.0687623160025765E-002   5.0293600120136936E-002
  0.24275700000000003        5.1131443983085112E-002   5.0732421175665961E-002
  0.24375600000000003        5.1578353936368962E-002   5.1174267702288334E-002
  0.24475500000000003        5.2028370148078706E-002   5.1619156049604820E-002
  0.24575400000000003        5.2481509718443835E-002   5.2067102532591947E-002
  0.24675300000000003        5.2937789715986741E-002   5.2518123427909125E-002
  0.24775200000000003        5.3397227173695917E-002   5.2972234970121157E-002
  0.24875100000000003        5.3859839085101856E-002   5.3429453347821551E-002
  0.24975000000000003        5.4325642400255808E-002   5.3889794699670431E-002
  0.25074900000000000        5.4794654021611711E-002   5.4353275110332222E-002
  0.25174800000000003        5.5266890799808725E-002   5.4819910606324816E-002
  0.25274700000000000        5.5742369529345394E-002   5.5289717151766574E-002
  0.25374600000000003        5.6221106944161603E-002   5.5762710644027491E-002
  0.25474500000000000        5.6703119713106466E-002   5.6238906909279893E-002
  0.25574400000000003        5.7188424435302351E-002   5.6718321697950908E-002
  0.25674300000000005        5.7677037635403827E-002   5.7200970680065071E-002
  0.25774200000000003        5.8168975758740922E-002   5.7686869440493310E-002
  0.25874100000000005        5.8664255166359078E-002   5.8176033474087584E-002
  0.25974000000000003        5.9162892129937097E-002   5.8668478180714446E-002
  0.26073900000000005        5.9664902826597754E-002   5.9164218860174346E-002
  0.26173800000000003        6.0170303333598942E-002   5.9663270707019343E-002
  0.26273700000000005        6.0679109622907235E-002   6.0165648805253540E-002
  0.26373600000000003        6.1191337555652113E-002   6.0671368122919213E-002
  0.26473500000000005        6.1707002876462108E-002   6.1180443506578371E-002
  0.26573400000000003        6.2226121207671792E-002   6.1692889675666523E-002
  0.26673300000000005        6.2748708043411622E-002   6.2208721216738719E-002
  0.26773200000000003        6.3274778743566587E-002   6.2727952577598847E-002
  0.26873100000000005        6.3804348527614047E-002   6.3250598061291741E-002
  0.26973000000000003        6.4337432468323172E-002   6.3776671820007902E-002
  0.27072900000000005        6.4874045485333404E-002   6.4306187848825219E-002
  0.27172800000000003        6.5414202338595226E-002   6.4839159979360114E-002
  0.27272700000000005        6.5957917621679726E-002   6.5375601873277553E-002
  0.27372600000000002        6.6505205754952251E-002   6.5915527015677891E-002
  0.27472500000000005        6.7056080978610197E-002   6.6458948708359028E-002
  0.27572400000000002        6.7610557345583286E-002   6.7005880062945042E-002
  0.27672300000000005        6.8168648714292984E-002   6.7556333993889273E-002
  0.27772200000000002        6.8730368741273071E-002   6.8110323211344789E-002
  0.27872100000000005        6.9295730873647585E-002   6.8667860213904697E-002
  0.27972000000000002        6.9864748341464125E-002   6.9228957281200515E-002
  0.28071900000000005        7.0437434149884195E-002   6.9793626466380584E-002
  0.28171800000000002        7.1013801071226595E-002   7.0361879588439272E-002
  0.28271700000000005        7.1593861636863876E-002   7.0933728224419276E-002
  0.28371600000000002        7.2177628128970744E-002   7.1509183701472148E-002
  0.28471500000000005        7.2765112572121565E-002   7.2088257088777113E-002
  0.28571400000000002        7.3356326724738755E-002   7.2670959189333098E-002
  0.28671300000000005        7.3951282070389271E-002   7.3257300531593225E-002
  0.28771200000000002        7.4549989808926964E-002   7.3847291360975356E-002
  0.28871100000000005        7.5152460847484226E-002   7.4440941631218810E-002
  0.28971000000000002        7.5758705791304656E-002   7.5038260995604317E-002
  0.29070900000000005        7.6368734934424504E-002   7.5639258798033945E-002
  0.29170800000000002        7.6982558250196190E-002   7.6243944063959665E-002
  0.29270700000000005        7.7600185381655307E-002   7.6852325491175572E-002
  0.29370600000000002        7.8221625631727715E-002   7.7464411440462635E-002
  0.29470500000000005        7.8846887953284928E-002   7.8080209926091049E-002
  0.29570400000000002        7.9475980939033145E-002   7.8699728606172817E-002
  0.29670300000000005        8.0108912811248545E-002   7.9322974772878876E-002
  0.29770200000000002        8.0745691411352016E-002   7.9949955342495244E-002
  0.29870100000000005        8.1386324189323997E-002   8.0580676845357718E-002
  0.29970000000000002        8.2030818192959237E-002   8.1215145415618265E-002
  0.30069900000000005        8.2679180056963411E-002   8.1853366780878706E-002
  0.30169800000000002        8.3331415991889382E-002   8.2495346251680562E-002
  0.30269700000000005        8.3987531772912669E-002   8.3141088710847535E-002
  0.30369600000000002        8.4647532728449756E-002   8.3790598602681648E-002
  0.30469500000000005        8.5311423728616470E-002   8.4443879922020723E-002
  0.30569400000000002        8.5979209173528748E-002   8.5100936203158617E-002
  0.30669300000000005        8.6650892981443975E-002   8.5761770508608337E-002
  0.30769200000000002        8.7326478576747052E-002   8.6426385417738588E-002
  0.30869100000000005        8.8005968877780380E-002   8.7094783015270461E-002
  0.30969000000000002        8.8689366284516721E-002   8.7766964879617992E-002
  0.31068900000000005        8.9376672666080612E-002   8.8442932071125718E-002
  0.31168800000000002        9.0067889348114855E-002   8.9122685120127040E-002
  0.31268700000000005        9.0763017099997387E-002   8.9806224014908106E-002
  0.31368600000000002        9.1462056121906332E-002   9.0493548189513690E-002
  0.31468500000000005        9.2165006031739855E-002   9.1184656511435119E-002
  0.31568400000000002        9.2871865851887184E-002   9.1879547269169221E-002
  0.31668300000000005        9.3582633995857076E-002   9.2578218159637890E-002
  0.31768200000000002        9.4297308254764206E-002   9.3280666275505325E-002
  0.31868100000000005        9.5015885783675785E-002   9.3986888092353796E-002
  0.31968000000000002        9.5738363087821451E-002   9.4696879455749783E-002
  0.32067900000000005        9.6464736008668964E-002   9.5410635568204991E-002
  0.32167800000000002        9.7194999709870347E-002   9.6128150975991825E-002
  0.32267700000000005        9.7929148663077351E-002   9.6849419555893199E-002
  0.32367600000000002        9.8667176633633918E-002   9.7574434501802768E-002
  0.32467500000000005        9.9409076666147914E-002   9.8303188311262085E-002
  0.32567400000000002       0.10015484106994467        9.9035672771863245E-002
  0.32667300000000005       0.10090446140440934        9.9771878947587642E-002
  0.32767200000000002       0.10165792846421780       0.10051179716502248     
  0.32867100000000005       0.10241523226446360       0.10125541699952485     
  0.32967000000000002       0.10317636202568847       0.10200272726128372     
  0.33066900000000005       0.10394130615880988       0.10275371598129553     
  0.33166800000000002       0.10471005224996978       0.10350837039730072     
  0.33266700000000005       0.10548258704529062       0.10426667693962062     
  0.33366600000000002       0.10625889643555549       0.10502862121695000     
  0.33466500000000005       0.10703896544081780       0.10579418800209707     
  0.33566400000000002       0.10782277819493800       0.10656336121765850     
  0.33666300000000005       0.10861031793007095       0.10733612392167216     
  0.33766200000000002       0.10940156696108783       0.10811245829321840     
  0.33866100000000005       0.11019650666996220       0.10889234561798863     
  0.33966000000000002       0.11099511749010964       0.10967576627384991     
  0.34065900000000005       0.11179737889070025       0.11046269971638177     
  0.34165800000000002       0.11260326936094651       0.11125312446438920     
  0.34265700000000004       0.11341276639437570       0.11204701808545472     
  0.34365600000000002       0.11422584647309413       0.11284435718145618     
  0.34465500000000004       0.11504248505205604       0.11364511737413509     
  0.34565400000000002       0.11586265654334021       0.11444927329065761     
  0.34665300000000004       0.11668633430045082       0.11525679854923722     
  0.34765200000000002       0.11751349060264273       0.11606766574478372     
  0.34865100000000004       0.11834409663929155       0.11688184643460355     
  0.34965000000000002       0.11917812249431206       0.11769931112418150     
  0.35064900000000004       0.12001553713063716       0.11852002925299335     
  0.35164800000000002       0.12085630837476848       0.11934396918044952     
  0.35264700000000004       0.12170040290141051       0.12017109817189311     
  0.35364600000000002       0.12254778621819985       0.12100138238471447     
  0.35464500000000004       0.12339842265053749       0.12183478685458747     
  0.35564400000000002       0.12425227532654533       0.12267127548181440     
  0.35664300000000004       0.12510930616214830       0.12351081101782144     
  0.35764200000000002       0.12596947584630258       0.12435335505179043     
  0.35864100000000004       0.12683274382638277       0.12519886799747179     
  0.35964000000000002       0.12769906829373495       0.12604730908014439     
  0.36063900000000004       0.12856840616941875       0.12689863632378195     
  0.36163800000000001       0.12944071309014460       0.12775280653840712     
  0.36263700000000004       0.13031594339442462       0.12860977530766260     
  0.36363600000000001       0.13119405010895124       0.12946949697660623     
  0.36463500000000004       0.13207498493521780       0.13033192463975063     
  0.36563400000000001       0.13295869823639542       0.13119701012934301     
  0.36663300000000004       0.13384513902448666       0.13206470400391931     
  0.36763200000000001       0.13473425494776350       0.13293495553715431     
  0.36863100000000004       0.13562599227851457       0.13380771270698463     
  0.36963000000000001       0.13652029590111081       0.13468292218505193     
  0.37062900000000004       0.13741710930041076       0.13556052932647944     
  0.37162800000000001       0.13831637455052070       0.13644047815999213     
  0.37262700000000004       0.13921803230392735       0.13732271137836824     
  0.37362600000000001       0.14012202178101810       0.13820717032930946     
  0.37462500000000004       0.14102828076001006       0.13909379500664926     
  0.37562400000000001       0.14193674556730501       0.13998252404200490     
  0.37662300000000004       0.14284735106828270       0.14087329469682955     
  0.37762200000000001       0.14376003065856321       0.14176604285491595     
  0.37862100000000004       0.14467471625573633       0.14266070301533934     
  0.37962000000000001       0.14559133829160573       0.14355720828589136     
  0.38061900000000004       0.14650982570493049       0.14445549037696681     
  0.38161800000000001       0.14743010593471656       0.14535547959600070     
  0.38261700000000004       0.14835210491405856       0.14625710484238344     
  0.38361600000000007       0.14927574706454855       0.14716029360293428     
  0.38461500000000004       0.15020095529128427       0.14806497194794838     
  0.38561400000000007       0.15112765097848682       0.14897106452775682     
  0.38661300000000004       0.15205575398574583       0.14987849456995189     
  0.38761200000000007       0.15298518264491753       0.15078718387714882     
  0.38861100000000004       0.15391585375768718       0.15169705282542104     
  0.38961000000000007       0.15484768259382461       0.15260802036333876     
  0.39060900000000004       0.15578058289014202       0.15352000401168378     
  0.39160800000000007       0.15671446685017762       0.15443291986385041     
  0.39260700000000004       0.15764924514462694       0.15534668258688131     
  0.39360600000000007       0.15858482691253312       0.15626120542328473     
  0.39460500000000004       0.15952111976326100       0.15717640019350501     
  0.39560400000000007       0.16045802977927204       0.15809217729916591     
  0.39660300000000004       0.16139546151971385       0.15900844572708880     
  0.39760200000000007       0.16233331802485115       0.15992511305401871     
  0.39860100000000004       0.16327150082134376       0.16084208545219328     
  0.39960000000000007       0.16420990992840143       0.16175926769567905     
  0.40059900000000004       0.16514844386482327       0.16267656316754364     
  0.40159800000000007       0.16608699965694337       0.16359387386784965     
  0.40259700000000004       0.16702547284749558       0.16451110042244399     
  0.40359600000000007       0.16796375750541720       0.16542814209272241     
  0.40459500000000004       0.16890174623660242       0.16634489678612510     
  0.40559400000000007       0.16983933019562428       0.16726126106760852     
  0.40659300000000004       0.17077639909843753       0.16817713017198521     
  0.40759200000000007       0.17171284123607636       0.16909239801715362     
  0.40859100000000004       0.17264854348935876       0.17000695721826892     
  0.40959000000000007       0.17358339134461648       0.17092069910282542     
  0.41058900000000004       0.17451726891045019       0.17183351372669178     
  0.41158800000000006       0.17545005893553703       0.17274528989108970     
  0.41258700000000004       0.17638164282748478       0.17365591516050380     
  0.41358600000000006       0.17731190067275865       0.17456527588160861     
  0.41458500000000004       0.17824071125767035       0.17547325720310861     
  0.41558400000000006       0.17916795209045913       0.17637974309660265     
  0.41658300000000004       0.18009349942445579       0.17728461637840542     
  0.41758200000000006       0.18101722828233985       0.17818775873235773     
  0.41858100000000004       0.18193901248150351       0.17908905073365652     
  0.41958000000000006       0.18285872466051362       0.17998837187364367     
  0.42057900000000004       0.18377623630668685       0.18088560058562464     
  0.42157800000000006       0.18469141778477080       0.18178061427166503     
  0.42257700000000004       0.18560413836674117       0.18267328933040158     
  0.42357600000000006       0.18651426626271078       0.18356350118584316     
  0.42457500000000004       0.18742166865294968       0.18445112431718452     
  0.42557400000000006       0.18832621172100966       0.18533603228960671     
  0.42657300000000004       0.18922776068796782       0.18621809778605269     
  0.42757200000000006       0.19012617984776065       0.18709719264003183     
  0.42857100000000004       0.19102133260361945       0.18797318786937023     
  0.42957000000000006       0.19191308150559591       0.18884595371097362     
  0.43056900000000004       0.19280128828916648       0.18971535965649150     
  0.43156800000000006       0.19368581391491882       0.19058127448902562     
  0.43256700000000003       0.19456651860928731       0.19144356632073745     
  0.43356600000000006       0.19544326190634906       0.19230210263138731     
  0.43456500000000003       0.19631590269065216       0.19315675030783042     
  0.43556400000000006       0.19718429924106384       0.19400737568441029     
  0.43656300000000003       0.19804830927563774       0.19485384458422536     
  0.43756200000000006       0.19890778999744796       0.19569602236133563     
  0.43856100000000003       0.19976259814142117       0.19653377394375088     
  0.43956000000000006       0.20061259002208975       0.19736696387736150     
  0.44055900000000003       0.20145762158230643       0.19819545637061517     
  0.44155800000000006       0.20229754844283079       0.19901911534002567     
  0.44255700000000003       0.20313222595282665       0.19983780445648230     
  0.44355600000000006       0.20396150924119841       0.20065138719231268     
  0.44455500000000003       0.20478525326876049       0.20145972686904148     
  0.44555400000000006       0.20560331288122013       0.20226268670593586     
  0.44655300000000003       0.20641554286290942       0.20306012986916863     
  0.44755200000000006       0.20722179799127510       0.20385191952165738     
  0.44855100000000003       0.20802193309207562       0.20463791887355609     
  0.44955000000000006       0.20881580309524103       0.20541799123329774     
  0.45054900000000003       0.20960326309138586       0.20619200005925239     
  0.45154800000000006       0.21038416838892102       0.20695980901187250     
  0.45254700000000003       0.21115837457172595       0.20772128200637710     
  0.45354600000000006       0.21192573755735764       0.20847628326588657     
  0.45454500000000003       0.21268611365574325       0.20922467737497119     
  0.45554400000000006       0.21343935962831953       0.20996632933362716     
  0.45654300000000003       0.21418533274758081       0.21070110461158165     
  0.45754200000000006       0.21492389085698610       0.21142886920294165     
  0.45854100000000003       0.21565489243117872       0.21214948968109465     
  0.45954000000000006       0.21637819663649813       0.21286283325388228     
  0.46053900000000003       0.21709366339169434       0.21356876781892928     
  0.46153800000000006       0.21780115342884099       0.21426716201919310     
  0.46253700000000003       0.21850052835437941       0.21495788529856646     
  0.46353600000000006       0.21919165071023569       0.21564080795758828     
  0.46453500000000003       0.21987438403498960       0.21631580120918151     
  0.46553400000000006       0.22054859292500967       0.21698273723437453     
  0.46653300000000003       0.22121414309555565       0.21764148923795995     
  0.46753200000000006       0.22187090144172775       0.21829193150404050     
  0.46853100000000003       0.22251873609927750       0.21893393945146830     
  0.46953000000000006       0.22315751650519167       0.21956738968905001     
  0.47052900000000003       0.22378711345800537       0.22019216007051381     
  0.47152800000000006       0.22440739917779620       0.22080812974922098     
  0.47252700000000003       0.22501824736580275       0.22141517923252207     
  0.47352600000000006       0.22561953326361722       0.22201319043572587     
  0.47452500000000003       0.22621113371189810       0.22260204673570003     
  0.47552400000000006       0.22679292720855415       0.22318163302390873     
  0.47652300000000003       0.22736479396633977       0.22375183575904309     
  0.47752200000000006       0.22792661596982242       0.22431254301899103     
  0.47852100000000003       0.22847827703165380       0.22486364455225055     
  0.47952000000000006       0.22901966284810599       0.22540503182871452     
  0.48051900000000003       0.22955066105382035       0.22593659808968058     
  0.48151800000000006       0.23007116127571217       0.22645823839719029     
  0.48251700000000003       0.23058105518598082       0.22696984968253828     
  0.48351600000000006       0.23108023655419035       0.22747133079398232     
  0.48451500000000003       0.23156860129835144       0.22796258254355214     
  0.48551400000000006       0.23204604753497404       0.22844350775295913     
  0.48651300000000003       0.23251247562803012       0.22891401129854419     
  0.48751200000000006       0.23296778823679751       0.22937400015522394     
  0.48851100000000003       0.23341189036251506       0.22982338343942288     
  0.48951000000000006       0.23384468939383282       0.23026207245088379     
  0.49050900000000003       0.23426609515099298       0.23068998071339841     
  0.49150800000000006       0.23467601992871984       0.23110702401439445     
  0.49250700000000003       0.23507437853774649       0.23151312044331229     
  0.49350600000000006       0.23546108834498775       0.23190819042874800     
  0.49450500000000003       0.23583606931226878       0.23229215677440826     
  0.49550400000000006       0.23619924403362308       0.23266494469368190     
  0.49650300000000003       0.23655053777107796       0.23302648184297162     
  0.49750200000000006       0.23688987848893900       0.23337669835365524     
  0.49850100000000003       0.23721719688650758       0.23371552686266039     
  0.49950000000000006       0.23753242642922529       0.23404290254164281     
  0.50049900000000003       0.23783550337820530       0.23435876312474299     
  0.50149800000000000       0.23812636681812385       0.23466304893490228     
  0.50249700000000008       0.23840495868345990       0.23495570290868051     
  0.50349600000000005       0.23867122378304551       0.23523667061960574     
  0.50449500000000003       0.23892510982291737       0.23550590029999371     
  0.50549400000000000       0.23916656742744491       0.23576334286125783     
  0.50649300000000008       0.23939555015872024       0.23600895191266436     
  0.50749200000000005       0.23961201453420614       0.23624268377851321     
  0.50849100000000003       0.23981592004259461       0.23646449751379928     
  0.50949000000000000       0.24000722915791742       0.23667435491821887     
  0.51048900000000008       0.24018590735185597       0.23687222054867685     
  0.51148800000000005       0.24035192310426171       0.23705806173009336     
  0.51248700000000003       0.24050524791188768       0.23723184856471491     
  0.51348600000000011       0.24064585629531141       0.23739355393974099     
  0.51448500000000008       0.24077372580407444       0.23754315353338329     
  0.51548400000000005       0.24088883702000366       0.23768062581930918     
  0.51648300000000003       0.24099117355875710       0.23780595206947613     
  0.51748200000000011       0.24108072206957337       0.23791911635538510     
  0.51848100000000008       0.24115747223323308       0.23802010554768518     
  0.51948000000000005       0.24122141675826481       0.23810890931427714     
  0.52047900000000002       0.24127255137537057       0.23818552011672717     
  0.52147800000000011       0.24131087483012367       0.23824993320521842     
  0.52247700000000008       0.24133638887391076       0.23830214661186028     
  0.52347600000000005       0.24134909825318060       0.23834216114248644     
  0.52447500000000002       0.24134901069697715       0.23836998036693854     
  0.52547400000000011       0.24133613690280745       0.23838561060779923     
  0.52647300000000008       0.24131049052084474       0.23838906092765855     
  0.52747200000000005       0.24127208813651088       0.23838034311488113     
  0.52847100000000002       0.24122094925143764       0.23835947166793525     
  0.52947000000000011       0.24115709626286386       0.23832646377829336     
  0.53046900000000008       0.24108055444146964       0.23828133931188883     
  0.53146800000000005       0.24099135190769619       0.23822412078922120     
  0.53246700000000002       0.24088951960657348       0.23815483336410423     
  0.53346600000000011       0.24077509128108537       0.23807350480105216     
  0.53446500000000008       0.24064810344411988       0.23798016545139675     
  0.53546400000000005       0.24050859534902319       0.23787484822809349     
  0.53646300000000002       0.24035660895881103       0.23775758857934298     
  0.53746200000000011       0.24019218891404501       0.23762842446094026     
  0.53846100000000008       0.24001538249945845       0.23748739630747481     
  0.53946000000000005       0.23982623960932281       0.23733454700239348     
  0.54045900000000002       0.23962481271162883       0.23716992184695057     
  0.54145800000000011       0.23941115681110864       0.23699356852805212     
  0.54245700000000008       0.23918532941114073       0.23680553708509713     
  0.54345600000000005       0.23894739047458646       0.23660587987582665     
  0.54445500000000002       0.23869740238359566       0.23639465154114628     
  0.54545400000000011       0.23843542989842864       0.23617190896909804     
  0.54645300000000008       0.23816154011533924       0.23593771125786678     
  0.54745200000000005       0.23787580242354786       0.23569211967801293     
  0.54845100000000002       0.23757828846139387       0.23543519763383239     
  0.54945000000000010       0.23726907207164311       0.23516701062396375     
  0.55044900000000008       0.23694822925606077       0.23488762620128262     
  0.55144800000000005       0.23661583812926984       0.23459711393207022     
  0.55244700000000002       0.23627197887191748       0.23429554535453914     
  0.55344600000000010       0.23591673368324845       0.23398299393678201     
  0.55444500000000008       0.23555018673307485       0.23365953503407769     
  0.55544400000000005       0.23517242411322789       0.23332524584571918     
  0.55644300000000002       0.23478353378851821       0.23298020537134001     
  0.55744200000000010       0.23438360554725535       0.23262449436677374     
  0.55844100000000008       0.23397273095137189       0.23225819529948694     
  0.55944000000000005       0.23355100328619027       0.23188139230368174     
  0.56043900000000002       0.23311851750989013       0.23149417113503259     
  0.56143800000000010       0.23267537020270454       0.23109661912512086     
  0.56243700000000008       0.23222165951589793       0.23068882513563824     
  0.56343600000000005       0.23175748512056829       0.23027087951234357     
  0.56443500000000002       0.23128294815631095       0.22984287403885889     
  0.56543400000000010       0.23079815117978811       0.22940490189032062     
  0.56643300000000008       0.23030319811324954       0.22895705758689336     
  0.56743200000000005       0.22979819419303438       0.22849943694725858     
  0.56843100000000002       0.22928324591810229       0.22803213704203307     
  0.56943000000000010       0.22875846099863201       0.22755525614718869     
  0.57042900000000007       0.22822394830472145       0.22706889369753464     
  0.57142800000000005       0.22767981781522370       0.22657315024022612     
  0.57242700000000002       0.22712618056676931       0.22606812738840065     
  0.57342600000000010       0.22656314860298959       0.22555392777493988     
  0.57442500000000007       0.22599083492399397       0.22503065500638755     
  0.57542400000000005       0.22540935343612145       0.22449841361707193     
  0.57642300000000002       0.22481881890200706       0.22395730902344982     
  0.57742200000000010       0.22421934689099085       0.22340744747869157     
  0.57842100000000007       0.22361105372990198       0.22284893602756811     
  0.57942000000000005       0.22299405645423920       0.22228188246162078     
  0.58041900000000002       0.22236847275979543       0.22170639527469624     
  0.58141800000000010       0.22173442095472692       0.22112258361881534     
  0.58241700000000007       0.22109201991212152       0.22053055726043666     
  0.58341600000000005       0.22044138902306140       0.21993042653713332     
  0.58441500000000002       0.21978264815023890       0.21932230231469341     
  0.58541400000000010       0.21911591758211471       0.21870629594468291     
  0.58641300000000007       0.21844131798765920       0.21808251922247698     
  0.58741200000000005       0.21775897037170486       0.21745108434577862     
  0.58841100000000002       0.21706899603089908       0.21681210387366825     
  0.58941000000000010       0.21637151651031922       0.21616569068618047     
  0.59040900000000007       0.21566665356072556       0.21551195794441344     
  0.59140800000000004       0.21495452909649829       0.21485101905122431     
  0.59240700000000002       0.21423526515426247       0.21418298761250817     
  0.59340600000000010       0.21350898385221356       0.21350797739904370     
  0.59440500000000007       0.21277580735016530       0.21282610230899146     
  0.59540400000000004       0.21203585781032258       0.21213747633097646     
  0.59640300000000002       0.21128925735880141       0.21144221350782039     
  0.59740200000000010       0.21053612804789698       0.21074042790093342     
  0.59840100000000007       0.20977659181911718       0.21003223355534653     
  0.59940000000000004       0.20901077046698271       0.20931774446539361     
  0.60039900000000002       0.20823878560361012       0.20859707454110216     
  0.60139800000000010       0.20746075862407748       0.20787033757524892     
  0.60239700000000007       0.20667681067258120       0.20713764721109393     
  0.60339600000000004       0.20588706260939005       0.20639911691082477     
  0.60439500000000002       0.20509163497859872       0.20565485992469917     
  0.60539400000000010       0.20429064797668517       0.20490498926087461     
  0.60639300000000007       0.20348422142187650       0.20414961765596898     
  0.60739200000000004       0.20267247472431707       0.20338885754631922     
  0.60839100000000002       0.20185552685705227       0.20262282103997245     
  0.60939000000000010       0.20103349632781817       0.20185161988935191     
  0.61038900000000007       0.20020650115163729       0.20107536546468183     
  0.61138800000000004       0.19937465882422592       0.20029416872811781     
  0.61238700000000001       0.19853808629620545       0.19950814020857577     
  0.61338600000000010       0.19769689994811482       0.19871738997730487     
  0.61438500000000007       0.19685121556622415       0.19792202762414204     
  0.61538400000000004       0.19600114831914289       0.19712216223452139     
  0.61638300000000001       0.19514681273522183       0.19631790236715385     
  0.61738200000000010       0.19428832268073579       0.19550935603242731     
  0.61838100000000007       0.19342579133885529       0.19469663067153031     
  0.61938000000000004       0.19255933118938398       0.19387983313623422     
  0.62037900000000001       0.19168905398927005       0.19305906966941591     
  0.62137800000000010       0.19081507075387916       0.19223444588622726     
  0.62237700000000007       0.18993749173901273       0.19140606675597935     
  0.62337600000000004       0.18905642642368614       0.19057403658469116     
  0.62437500000000001       0.18817198349362926       0.18973845899831254     
  0.62537400000000010       0.18728427082552832       0.18889943692660993     
  0.62637300000000007       0.18639339547197553       0.18805707258771981     
  0.62737200000000004       0.18549946364714043       0.18721146747334313     
  0.62837100000000001       0.18460258071313537       0.18636272233458059     
  0.62937000000000010       0.18370285116707130       0.18551093716841854     
  0.63036900000000007       0.18280037862879825       0.18465621120482109     
  0.63136800000000004       0.18189526582931076       0.18379864289446149     
  0.63236700000000001       0.18098761459981630       0.18293832989704842     
  0.63336600000000010       0.18007752586144724       0.18207536907026164     
  0.63436500000000007       0.17916509961561741       0.18120985645926721     
  0.63536400000000004       0.17825043493499768       0.18034188728683026     
  0.63636300000000001       0.17733362995510435       0.17947155594399347     
  0.63736200000000010       0.17641478186649936       0.17859895598131278     
  0.63836100000000007       0.17549398690757298       0.17772418010066005     
  0.63936000000000004       0.17457134035790536       0.17684732014754617     
  0.64035900000000012       0.17364693653220226       0.17596846710400835     
  0.64135800000000009       0.17272086877477674       0.17508771108198687     
  0.64235700000000007       0.17179322945458173       0.17420514131723630     
  0.64335600000000004       0.17086410996076740       0.17332084616373122     
  0.64435500000000012       0.16993360069876040       0.17243491308856446     
  0.64535400000000009       0.16900179108684613       0.17154742866732450     
  0.64635300000000007       0.16806876955325173       0.17065847857994187     
  0.64735200000000004       0.16713462353370115       0.16976814760700121     
  0.64835100000000012       0.16619943946945137       0.16887651962649489     
  0.64935000000000009       0.16526330280577317       0.16798367761102270     
  0.65034900000000007       0.16432629799089307       0.16708970362540759     
  0.65134800000000004       0.16338850847535233       0.16619467882474473     
  0.65234700000000012       0.16245001671180131       0.16529868345284607     
  0.65334600000000009       0.16151090415519251       0.16440179684107803     
  0.65434500000000007       0.16057125126337912       0.16350409740759794     
  0.65534400000000004       0.15963113749809721       0.16260566265695167     
  0.65634300000000012       0.15869064132631569       0.16170656918005163     
  0.65734200000000009       0.15774984022196273       0.16080689265448309     
  0.65834100000000007       0.15680881066798924       0.15990670784518982     
  0.65934000000000004       0.15586762815877894       0.15900608860546150     
  0.66033900000000012       0.15492636720288860       0.15810510787826343     
  0.66133800000000009       0.15398510132610288       0.15720383769788085     
  0.66233700000000006       0.15304390307479473       0.15630234919184957     
  0.66333600000000004       0.15210284401958257       0.15540071258320751     
  0.66433500000000012       0.15116199475927955       0.15449899719299942     
  0.66533400000000009       0.15022142492510263       0.15359727144309029     
  0.66633300000000006       0.14928120318516047       0.15269560285921635     
  0.66733200000000004       0.14834139724918577       0.15179405807430735     
  0.66833100000000012       0.14740207387351786       0.15089270283204989     
  0.66933000000000009       0.14646329886631346       0.14999160199069109     
  0.67032900000000006       0.14552513709298809       0.14909081952707168     
  0.67132800000000004       0.14458765248186772       0.14819041854087572     
  0.67232700000000012       0.14365090803004452       0.14729046125909723     
  0.67332600000000009       0.14271496580943602       0.14639100904070459     
  0.67432500000000006       0.14177988697302482       0.14549212238149933     
  0.67532400000000004       0.14084573176127782       0.14459386091916815     
  0.67632300000000012       0.13991255950873760       0.14369628343850754     
  0.67732200000000009       0.13898042865077193       0.14279944787681617     
  0.67832100000000006       0.13804939673047834       0.14190341132945725     
  0.67932000000000003       0.13711952040573114       0.14100823005556812     
  0.68031900000000012       0.13619085545636914       0.14011395948392294     
  0.68131800000000009       0.13526345679150550       0.13922065421893590     
  0.68231700000000006       0.13433737845696603       0.13832836804678789     
  0.68331600000000003       0.13341267364283696       0.13743715394168976     
  0.68431500000000012       0.13248939469111859       0.13654706407226053     
  0.68531400000000009       0.13156759310348407       0.13565814980801491     
  0.68631300000000006       0.13064731954912298       0.13477046172596222     
  0.68731200000000003       0.12972862387267659       0.13388404961729716     
  0.68831100000000012       0.12881155510225051       0.13299896249419027     
  0.68931000000000009       0.12789616145749874       0.13211524859666143     
  0.69030900000000006       0.12698249035777651       0.13123295539953211     
  0.69130800000000003       0.12607058843035260       0.13035212961945947     
  0.69230700000000012       0.12516050151867833       0.12947281722203219     
  0.69330600000000009       0.12425227469070038       0.12859506342893390     
  0.69430500000000006       0.12334595224722371       0.12771891272516236     
  0.69530400000000003       0.12244157773030792       0.12684440886630607     
  0.69630300000000012       0.12153919393169860       0.12597159488586288     
  0.69730200000000009       0.12063884290128429       0.12510051310260661     
  0.69830100000000006       0.11974056595557880       0.12423120512799005     
  0.69930000000000003       0.11884440368621993       0.12336371187357438     
  0.70029900000000012       0.11795039596848364       0.12249807355850473     
  0.70129800000000009       0.11705858196980173       0.12163432971698994     
  0.70229700000000006       0.11616900015829257       0.12077251920581504     
  0.70329600000000003       0.11528168831128460       0.11991268021186711     
  0.70429500000000012       0.11439668352384066       0.11905485025967073     
  0.70529400000000009       0.11351402221727343       0.11819906621893372     
  0.70629300000000006       0.11263374014765004       0.11734536431209487     
  0.70729200000000003       0.11175587241428048       0.11649378012187436     
  0.70829100000000011       0.11088045346818906       0.11564434859882207     
  0.70929000000000009       0.11000751712056506       0.11479710406885485     
  0.71028900000000006       0.10913709655118564       0.11395208024078685     
  0.71128800000000003       0.10826922431681235       0.11310931021384998     
  0.71228700000000011       0.10740393235955552       0.11226882648519193     
  0.71328600000000009       0.10654125201520630       0.11143066095736189     
  0.71428500000000006       0.10568121402153219       0.11059484494576786     
  0.71528400000000003       0.10482384852652826       0.10976140918611466     
  0.71628300000000011       0.10396918509663308       0.10893038384181300     
  0.71728200000000009       0.10311725272489725       0.10810179851135356     
  0.71828100000000006       0.10226807983910244       0.10727568223566204     
  0.71928000000000003       0.10142169430983725       0.10645206350540388     
  0.72027900000000011       0.10057812345851620       0.10563097026826201     
  0.72127800000000009        9.9737394065350107E-002  0.10481242993617165     
  0.72227700000000006        9.8899532377258778E-002  0.10399646939251855     
  0.72327600000000003        9.8064564115727670E-002  0.10318311499928472     
  0.72427500000000011        9.7232514484603835E-002  0.10237239260415890     
  0.72527400000000009        9.6403408177836936E-002  0.10156432754759641     
  0.72627300000000006        9.5577269387150748E-002  0.10075894466982718     
  0.72727200000000003        9.4754121809657227E-002   9.9956268317819966E-002
  0.72827100000000011        9.3933988655403075E-002   9.9156322352186799E-002
  0.72927000000000008        9.3116892654851291E-002   9.8359130154042934E-002
  0.73026900000000006        9.2302856066292432E-002   9.7564714631802968E-002
  0.73126800000000003        9.1491900683191088E-002   9.6773098227926929E-002
  0.73226700000000011        9.0684047841459128E-002   9.5984302925608708E-002
  0.73326600000000008        8.9879318426661345E-002   9.5198350255400091E-002
  0.73426500000000006        8.9077732881145955E-002   9.4415261301780101E-002
  0.73526400000000003        8.8279311211103079E-002   9.3635056709664238E-002
  0.73626300000000011        8.7484072993552847E-002   9.2857756690845020E-002
  0.73726200000000008        8.6692037383251860E-002   9.2083381030378789E-002
  0.73826100000000006        8.5903223119534619E-002   9.1311949092896527E-002
  0.73926000000000003        8.5117648533067039E-002   9.0543479828863432E-002
  0.74025900000000011        8.4335331552534629E-002   8.9777991780761957E-002
  0.74125800000000008        8.3556289711246429E-002   8.9015503089213938E-002
  0.74225700000000006        8.2780540153661666E-002   8.8256031499033702E-002
  0.74325600000000003        8.2008099641842816E-002   8.7499594365212971E-002
  0.74425500000000011        8.1238984561824240E-002   8.6746208658839460E-002
  0.74525400000000008        8.0473210929907862E-002   8.5995890972944439E-002
  0.74625300000000006        7.9710794398871326E-002   8.5248657528279911E-002
  0.74725200000000003        7.8951750264106987E-002   8.4504524179031176E-002
  0.74825100000000011        7.8196093469670297E-002   8.3763506418448555E-002
  0.74925000000000008        7.7443838614255897E-002   8.3025619384421268E-002
  0.75024900000000005        7.6694999957089074E-002   8.2290877864968803E-002
  0.75124800000000003        7.5949591423737819E-002   8.1559296303668330E-002
  0.75224700000000011        7.5207626611844852E-002   8.0830888805003595E-002
  0.75324600000000008        7.4469118796777867E-002   8.0105669139650046E-002
  0.75424500000000005        7.3734080937198868E-002   7.9383650749678472E-002
  0.75524400000000003        7.3002525680553973E-002   7.8664846753692966E-002
  0.75624300000000011        7.2274465368479548E-002   7.7949269951893177E-002
  0.75724200000000008        7.1549912042131583E-002   7.7236932831064128E-002
  0.75824100000000005        7.0828877447429092E-002   7.6527847569493032E-002
  0.75924000000000003        7.0111373040221525E-002   7.5822026041813900E-002
  0.76023900000000011        6.9397409991371853E-002   7.5119479823776841E-002
  0.76123800000000008        6.8686999191761244E-002   7.4420220196947717E-002
  0.76223700000000005        6.7980151257211824E-002   7.3724258153330904E-002
  0.76323600000000003        6.7276876533330171E-002   7.3031604399922165E-002
  0.76423500000000011        6.6577185100269942E-002   7.2342269363185205E-002
  0.76523400000000008        6.5881086777413819E-002   7.1656263193459246E-002
  0.76623300000000005        6.5188591127978188E-002   7.0973595769288911E-002
  0.76723200000000014        6.4499707463534367E-002   7.0294276701684116E-002
  0.76823100000000011        6.3814444848453500E-002   6.9618315338309159E-002
  0.76923000000000008        6.3132812104271227E-002   6.8945720767592450E-002
  0.77022900000000005        6.2454817813972961E-002   6.8276501822770924E-002
  0.77122800000000014        6.1780470326200695E-002   6.7610667085857834E-002
  0.77222700000000011        6.1109777759382221E-002   6.6948224891539829E-002
  0.77322600000000008        6.0442748005780644E-002   6.6289183331001450E-002
  0.77422500000000005        5.9779388735467218E-002   6.5633550255677964E-002
  0.77522400000000014        5.9119707400215923E-002   6.4981333280936221E-002
  0.77622300000000011        5.8463711237321546E-002   6.4332539789686449E-002
  0.77722200000000008        5.7811407273338673E-002   6.3687176935916801E-002
  0.77822100000000005        5.7162802327746905E-002   6.3045251648164866E-002
  0.77922000000000013        5.6517903016536947E-002   6.2406770632911189E-002
  0.78021900000000011        5.5876715755721784E-002   6.1771740377908627E-002
  0.78121800000000008        5.5239246764772390E-002   6.1140167155435361E-002
  0.78221700000000005        5.4605502069976289E-002   6.0512057025482235E-002
  0.78321600000000013        5.3975487507723269E-002   5.9887415838868745E-002
  0.78421500000000011        5.3349208727713426E-002   5.9266249240289177E-002
  0.78521400000000008        5.2726671196093020E-002   5.8648562671291635E-002
  0.78621300000000005        5.2107880198513430E-002   5.8034361373183907E-002
  0.78721200000000013        5.1492840843119426E-002   5.7423650389875042E-002
  0.78821100000000011        5.0881558063460258E-002   5.6816434570647271E-002
  0.78921000000000008        5.0274036621328289E-002   5.6212718572857229E-002
  0.79020900000000005        4.9670281109527023E-002   5.5612506864573585E-002
  0.79120800000000013        4.9070295954561985E-002   5.5015803727143896E-002
  0.79220700000000011        4.8474085419263041E-002   5.4422613257695651E-002
  0.79320600000000008        4.7881653605329658E-002   5.3832939371570472E-002
  0.79420500000000005        4.7293004455809903E-002   5.3246785804690284E-002
  0.79520400000000013        4.6708141757502389E-002   5.2664156115859659E-002
  0.79620300000000011        4.6127069143289560E-002   5.2085053688999260E-002
  0.79720200000000008        4.5549790094399509E-002   5.1509481735315339E-002
  0.79820100000000005        4.4976307942594010E-002   5.0937443295404290E-002
  0.79920000000000013        4.4406625872289690E-002   5.0368941241289301E-002
  0.80019900000000010        4.3840746922605402E-002   4.9803978278394445E-002
  0.80119800000000008        4.3278673989341002E-002   4.9242556947455329E-002
  0.80219700000000005        4.2720409826883875E-002   4.8684679626360527E-002
  0.80319600000000013        4.2165957050047435E-002   4.8130348531935666E-002
  0.80419500000000010        4.1615318135839019E-002   4.7579565721657065E-002
  0.80519400000000008        4.1068495425157385E-002   4.7032333095308153E-002
  0.80619300000000005        4.0525491124420769E-002   4.6488652396567083E-002
  0.80719200000000013        3.9986307307126517E-002   4.5948525214536275E-002
  0.80819100000000010        3.9450945915340319E-002   4.5411952985206908E-002
  0.80919000000000008        3.8919408761116520E-002   4.4878936992859511E-002
  0.81018900000000005        3.8391697527849371E-002   4.4349478371407153E-002
  0.81118800000000013        3.7867813771555035E-002   4.3823578105672376E-002
  0.81218700000000010        3.7347758922085195E-002   4.3301237032605709E-002
  0.81318600000000008        3.6831534284271120E-002   4.2782455842439948E-002
  0.81418500000000005        3.6319141038999005E-002   4.2267235079787212E-002
  0.81518400000000013        3.5810580244217093E-002   4.1755575144671639E-002
  0.81618300000000010        3.5305852835873050E-002   4.1247476293504941E-002
  0.81718200000000007        3.4804959628783390E-002   4.0742938639998373E-002
  0.81818100000000005        3.4307901317433123E-002   4.0241962156018385E-002
  0.81918000000000013        3.3814678476707792E-002   3.9744546672379533E-002
  0.82017900000000010        3.3325291562555509E-002   3.9250691879580253E-002
  0.82117800000000007        3.2839740912580462E-002   3.8760397328478767E-002
  0.82217700000000005        3.2358026746567722E-002   3.8273662430908510E-002
  0.82317600000000013        3.1880149166938196E-002   3.7790486460238297E-002
  0.82417500000000010        3.1406108159134388E-002   3.7310868551871122E-002
  0.82517400000000007        3.0935903591938596E-002   3.6834807703686683E-002
  0.82617300000000005        3.0469535217717770E-002   3.6362302776424639E-002
  0.82717200000000013        3.0007002672602832E-002   3.5893352494011828E-002
  0.82817100000000010        2.9548305476595420E-002   3.5427955443831330E-002
  0.82917000000000007        2.9093443033605504E-002   3.4966110076933662E-002
  0.83016900000000005        2.8642414631418808E-002   3.4507814708193550E-002
  0.83116800000000013        2.8195219441593006E-002   3.4053067516407215E-002
  0.83216700000000010        2.7751856519283961E-002   3.3601866544336445E-002
  0.83316600000000007        2.7312324803000432E-002   3.3154209698693392E-002
  0.83416500000000005        2.6876623114287325E-002   3.2710094750073165E-002
  0.83516400000000013        2.6444750157337226E-002   3.2269519332827644E-002
  0.83616300000000010        2.6016704518530956E-002   3.1832480944887255E-002
  0.83716200000000007        2.5592484665904067E-002   3.1398976947525234E-002
  0.83816100000000004        2.5172088948541588E-002   3.0969004565069017E-002
  0.83916000000000013        2.4755515595899953E-002   3.0542560884557018E-002
  0.84015900000000010        2.4342762717054371E-002   3.0119642855341227E-002
  0.84115800000000007        2.3933828299873353E-002   2.9700247288636062E-002
  0.84215700000000004        2.3528710210117838E-002   2.9284370857014953E-002
  0.84315600000000013        2.3127406190466201E-002   2.8872010093852443E-002
  0.84415500000000010        2.2729913859463394E-002   2.8463161392715722E-002
  0.84515400000000007        2.2336230710394523E-002   2.8057821006701442E-002
  0.84615300000000004        2.1946354110081622E-002   2.7655985047723673E-002
  0.84715200000000013        2.1560281297604136E-002   2.7257649485747333E-002
  0.84815100000000010        2.1178009382941551E-002   2.6862810147973908E-002
  0.84915000000000007        2.0799535345537450E-002   2.6471462717973435E-002
  0.85014900000000004        2.0424856032785804E-002   2.6083602734768844E-002
  0.85114800000000013        2.0053968158437008E-002   2.5699225591869521E-002
  0.85214700000000010        1.9686868300925184E-002   2.5318326536255233E-002
  0.85314600000000007        1.9323552901613451E-002   2.4940900667313411E-002
  0.85414500000000004        1.8964018262958796E-002   2.4566942935725294E-002
  0.85514400000000013        1.8608260546595052E-002   2.4196448142307821E-002
  0.85614300000000010        1.8256275771332594E-002   2.3829410936806218E-002
  0.85714200000000007        1.7908059811075336E-002   2.3465825816640876E-002
  0.85814100000000004        1.7563608392652603E-002   2.3105687125609571E-002
  0.85914000000000013        1.7222917093567384E-002   2.2748989052542613E-002
  0.86013900000000010        1.6885981339658088E-002   2.2395725629916131E-002
  0.86113800000000007        1.6552796402673632E-002   2.2045890732419526E-002
  0.86213700000000004        1.6223357397762206E-002   2.1699478075481959E-002
  0.86313600000000013        1.5897659280870689E-002   2.1356481213755538E-002
  0.86413500000000010        1.5575696846056772E-002   2.1016893539558670E-002
  0.86513400000000007        1.5257464722709687E-002   2.0680708281277681E-002
  0.86613300000000004        1.4942957372681530E-002   2.0347918501731118E-002
  0.86713200000000012        1.4632169087326695E-002   2.0018517096493774E-002
  0.86813100000000010        1.4325093984449195E-002   1.9692496792185338E-002
  0.86913000000000007        1.4021726005156422E-002   1.9369850144721715E-002
  0.87012900000000004        1.3722058910619507E-002   1.9050569537531686E-002
  0.87112800000000012        1.3426086278738189E-002   1.8734647179740414E-002
  0.87212700000000010        1.3133801500710335E-002   1.8422075104319518E-002
  0.87312600000000007        1.2845197777504307E-002   1.8112845166206901E-002
  0.87412500000000004        1.2560268116234511E-002   1.7806949040396130E-002
  0.87512400000000012        1.2279005326437475E-002   1.7504378219997754E-002
  0.87612300000000010        1.2001402016250037E-002   1.7205124014274271E-002
  0.87712200000000007        1.1727450588485617E-002   1.6909177546648741E-002
  0.87812100000000004        1.1457143236611343E-002   1.6616529752691494E-002
  0.87912000000000012        1.1190471940621867E-002   1.6327171378083500E-002
  0.88011900000000010        1.0927428462811336E-002   1.6041092976560974E-002
  0.88111800000000007        1.0668004343441650E-002   1.5758284907841029E-002
  0.88211700000000004        1.0412190896306375E-002   1.5478737335532114E-002
  0.88311600000000012        1.0159979204189895E-002   1.5202440225029961E-002
  0.88411500000000010        9.9113601142206929E-003   1.4929383341401533E-002
  0.88511400000000007        9.6663242331181676E-003   1.4659556247260355E-002
  0.88611300000000004        9.4248619223325607E-003   1.4392948300633599E-002
  0.88711200000000012        9.1869632930770707E-003   1.4129548652825327E-002
  0.88811100000000009        8.9526182012518076E-003   1.3869346246277038E-002
  0.88911000000000007        8.7218162422589909E-003   1.3612329812429311E-002
  0.89010900000000004        8.4945467457087729E-003   1.3358487869585703E-002
  0.89110800000000012        8.2707987700159670E-003   1.3107808720784857E-002
  0.89210700000000009        8.0505610968863058E-003   1.2860280451679170E-002
  0.89310600000000007        7.8338222256928644E-003   1.2615890928428193E-002
  0.89410500000000004        7.6205703677422777E-003   1.2374627795606304E-002
  0.89510400000000012        7.4107934404304184E-003   1.2136478474129546E-002
  0.89610300000000009        7.2044790612879007E-003   1.1901430159205270E-002
  0.89710200000000007        7.0016145419153457E-003   1.1669469818307354E-002
  0.89810100000000015        6.8021868818088889E-003   1.1440584189181566E-002
  0.89910000000000012        6.6061827620761890E-003   1.1214759777884199E-002
  0.90009900000000009        6.4135885390433781E-003   1.0991982856858864E-002
  0.90109800000000007        6.2243902377539179E-003   1.0772239463054578E-002
  0.90209700000000015        6.0385735453601097E-003   1.0555515396090072E-002
  0.90309600000000012        5.8561238044082323E-003   1.0341796216469011E-002
  0.90409500000000009        5.6770260060183837E-003   1.0131067243849195E-002
  0.90509400000000007        5.5012647829610324E-003   9.9233135553724247E-003
  0.90609300000000015        5.3288244026311960E-003   9.7185199840581875E-003
  0.90709200000000012        5.1596887599227800E-003   9.5166711172672662E-003
  0.90809100000000009        4.9938413700047254E-003   9.3177512952392592E-003
  0.90909000000000006        4.8312653610018573E-003   9.1217446097103163E-003
  0.91008900000000015        4.6719434665826072E-003   8.9286349026154628E-003
  0.91108800000000012        4.5158580184574268E-003   8.7384057648819454E-003
  0.91208700000000009        4.3629909387903317E-003   8.5510405353181138E-003
  0.91308600000000006        4.2133237325281811E-003   8.3665222996044935E-003
  0.91408500000000015        4.0668374796513822E-003   8.1848338893923140E-003
  0.91508400000000012        3.9235128273505835E-003   8.0059578815159065E-003
  0.91608300000000009        3.7833299821345757E-003   7.8298765973242122E-003
  0.91708200000000006        3.6462687018747769E-003   7.6565721021385636E-003
  0.91808100000000015        3.5123082877922323E-003   7.4860262048423417E-003
  0.91908000000000012        3.3814275763940677E-003   7.3182204576090334E-003
  0.92007900000000009        3.2536049313658783E-003   7.1531361557749251E-003
  0.92107800000000006        3.1288182354285727E-003   6.9907543378632244E-003
  0.92207700000000015        3.0070448821676336E-003   6.8310557857659670E-003
  0.92307600000000012        2.8882617678442826E-003   6.6740210250902715E-003
  0.92407500000000009        2.7724452831981976E-003   6.5196303256755302E-003
  0.92507400000000006        2.6595713052529010E-003   6.3678637022882567E-003
  0.92607300000000015        2.5496151891352013E-003   6.2187009155011755E-003
  0.92707200000000012        2.4425517599215344E-003   6.0721214727634072E-003
  0.92807100000000009        2.3383553045245573E-003   5.9281046296676791E-003
  0.92907000000000006        2.2369995636348206E-003   5.7866293914220455E-003
  0.93006900000000015        2.1384577237334493E-003   5.6476745145317237E-003
  0.93106800000000012        2.0427024091925748E-003   5.5112185086982771E-003
  0.93206700000000009        1.9497056744821391E-003   5.3772396389415193E-003
  0.93306600000000006        1.8594389965027388E-003   5.2457159279510916E-003
  0.93406500000000015        1.7718732670656599E-003   5.1166251586733900E-003
  0.93506400000000012        1.6869787855431251E-003   4.9899448771395906E-003
  0.93606300000000009        1.6047252517129604E-003   4.8656523955405992E-003
  0.93706200000000006        1.5250817588243362E-003   4.7437247955540076E-003
  0.93806100000000014        1.4480167869126068E-003   4.6241389319287450E-003
  0.93906000000000012        1.3734981963937282E-003   4.5068714363315689E-003
  0.94005900000000009        1.3014932219705694E-003   4.3918987214605180E-003
  0.94105800000000006        1.2319684668862115E-003   4.2791969854290750E-003
  0.94205700000000014        1.1648898975614318E-003   4.1687422164250528E-003
  0.94305600000000012        1.1002228386565165E-003   4.0605101976476906E-003
  0.94405500000000009        1.0379319686001844E-003   3.9544765125254927E-003
  0.94505400000000006        9.7798131563172144E-004   3.8506165502177237E-003
  0.94605300000000014        9.2033425440533271E-004   3.7489055114012181E-003
  0.94705200000000012        8.6495350320958773E-004   3.6493184143440304E-003
  0.94805100000000009        8.1180112185805686E-004   3.5518301012667504E-003
  0.94905000000000006        7.6083851031176638E-004   3.4564152449915661E-003
  0.95004900000000014        7.1202640809774087E-004   3.3630483558790515E-003
  0.95104800000000012        6.6532489459289403E-004   3.2717037890509469E-003
  0.95204700000000009        6.2069339024698931E-004   3.1823557518978647E-003
  0.95304600000000006        5.7809065882378022E-004   3.0949783118688510E-003
  0.95404500000000014        5.3747481074478915E-004   3.0095454045398332E-003
  0.95504400000000012        4.9880330762609151E-004   2.9260308419568888E-003
  0.95604300000000009        4.6203296810474564E-004   2.8444083212491910E-003
  0.95704200000000006        4.2711997505821305E-004   2.7646514335064494E-003
  0.95804100000000014        3.9401988432722702E-004   2.6867336729138542E-003
  0.95904000000000011        3.6268763506027118E-004   2.6106284461374723E-003
  0.96003900000000009        3.3307756180589703E-004   2.5363090819516178E-003
  0.96103800000000006        3.0514340848801562E-004   2.4637488410992696E-003
  0.96203700000000014        2.7883834440842469E-004   2.3929209263753191E-003
  0.96303600000000011        2.5411498243101230E-004   2.3237984929219977E-003
  0.96403500000000009        2.3092539951257178E-004   2.2563546587244096E-003
  0.96503400000000006        2.0922115975675911E-004   2.1905625152937682E-003
  0.96603300000000014        1.8895334017978932E-004   2.1263951385246450E-003
  0.96703200000000011        1.7007255938963054E-004   2.0638255997120327E-003
  0.96803100000000009        1.5252900939437166E-004   2.0028269767128166E-003
  0.96903000000000006        1.3627249077047656E-004   1.9433723652357757E-003
  0.97002900000000014        1.2125245143759459E-004   1.8854348902435027E-003
  0.97102800000000011        1.0741802930379307E-004   1.8289877174484130E-003
  0.97202700000000009        9.4718099063409003E-005   1.7740040648849551E-003
  0.97302600000000006        8.3101323449441916E-005   1.7204572145391227E-003
  0.97402500000000014        7.2516209263439281E-005   1.6683205240157247E-003
  0.97502400000000011        6.2911168528443921E-005   1.6175674382237898E-003
  0.97602300000000008        5.4234585134752286E-005   1.5681715010592541E-003
  0.97702200000000006        4.6434887374218827E-005   1.5201063670645686E-003
  0.97802100000000014        3.9460626786622169E-005   1.4733458130437322E-003
  0.97902000000000011        3.3260563771481671E-005   1.4278637496116069E-003
  0.98001900000000008        2.7783760450698656E-005   1.3836342326556724E-003
  0.98101800000000006        2.2979681301764589E-005   1.3406314746888354E-003
  0.98201700000000014        1.8798302118117279E-005   1.2988298560712992E-003
  0.98301600000000011        1.5190227892813778E-005   1.2582039360801442E-003
  0.98401500000000008        1.2106820264161179E-005   1.2187284638049262E-003
  0.98501400000000006        9.5003352076013331E-006   1.1803783888482172E-003
  0.98601300000000014        7.3240717071557574E-006   1.1431288718102199E-003
  0.98701200000000011        5.5325321924336536E-006   1.1069552945369189E-003
  0.98801100000000008        4.0815955838327805E-006   1.0718332701118976E-003
  0.98901000000000006        2.9287038494629614E-006   1.0377386525725495E-003
  0.99000900000000014        2.0330630428054445E-006   1.0046475463319268E-003
  0.99100800000000011        1.3558598605846637E-006   9.7253631528850491E-004
  0.99200700000000008        8.6049483614791172E-007   9.4138159160677326E-004
  0.99300600000000006        5.1283336527315235E-007   9.1116028415260124E-004
  0.99400500000000014        2.8147584921110473E-007   8.8184958656825738E-004
  0.99500400000000011        1.3804833443874688E-007   8.5342698497323666E-004
  0.99600300000000008        5.7515130603519046E-008   8.2587026527770706E-004
  0.99700200000000005        1.8514998079754640E-008   7.9915752009721453E-004
  0.99800100000000014        3.7226150942208586E-009   7.7326715525787319E-004
  0.99900000000000011        2.3716222369610095E-010   7.4817789588302905E-004
