   9.9900000000000010E-004   7.7098287078989052E-005   7.6187916144151719E-005
   1.9980000000000002E-003   1.5475679301946700E-004   1.5293010033424893E-004
   2.9970000000000005E-003   2.3297954510103879E-004   2.3023051350266430E-004
   3.9960000000000004E-003   3.1177060153158908E-004   3.0809314655044502E-004
   4.9950000000000003E-003   3.9113405169120921E-004   3.8652202057679844E-004
   5.9940000000000011E-003   4.7107401637785923E-004   4.6552118711010046E-004
   6.9930000000000010E-003   5.5159464805477399E-004   5.4509472834044588E-004
   7.9920000000000008E-003   6.3270013109966339E-004   6.2524675735373049E-004
   8.9910000000000007E-003   7.1439468205561764E-004   7.0598141836727263E-004
   9.9900000000000006E-003   7.9668254988383817E-004   7.8730288696698091E-004
   1.0989000000000001E-002   8.7956801621810927E-004   8.6921537034607174E-004
   1.1988000000000002E-002   9.6305539562104448E-004   9.5172310754531230E-004
   1.2987000000000002E-002   1.0471490358421522E-003   1.0348303696948295E-003
   1.3986000000000002E-002   1.1318533180776464E-003   1.1185414602574632E-003
   1.4985000000000002E-002   1.2171726572320722E-003   1.2028607152736750E-003
   1.5984000000000002E-002   1.3031115021817307E-003   1.2877925036079746E-003
   1.6983000000000002E-002   1.3896743360398971E-003   1.3733412271969567E-003
   1.7982000000000001E-002   1.4768656764238357E-003   1.4595113212988236E-003
   1.8981000000000001E-002   1.5646900757236338E-003   1.5463072547445172E-003
   1.9980000000000001E-002   1.6531521213728475E-003   1.6337335301903342E-003
   2.0979000000000001E-002   1.7422564361209627E-003   1.7217946843721857E-003
   2.1978000000000001E-002   1.8320076783076334E-003   1.8104952883612978E-003
   2.2977000000000001E-002   1.9224105421387968E-003   1.8998399478215311E-003
   2.3976000000000004E-002   2.0134697579645847E-003   1.9898333032682312E-003
   2.4975000000000004E-002   2.1051900925590132E-003   2.0804800303285886E-003
   2.5974000000000004E-002   2.1975763494015816E-003   2.1717848400036061E-003
   2.6973000000000004E-002   2.2906333689606071E-003   2.2637524789315181E-003
   2.7972000000000004E-002   2.3843660289784587E-003   2.3563877296528331E-003
   2.8971000000000004E-002   2.4787792447585311E-003   2.4496954108768122E-003
   2.9970000000000004E-002   2.5738779694541194E-003   2.5436803777495417E-003
   3.0969000000000003E-002   2.6696671943591162E-003   2.6383475221235112E-003
   3.1968000000000003E-002   2.7661519492004185E-003   2.7337017728287219E-003
   3.2967000000000003E-002   2.8633373024323358E-003   2.8297480959452604E-003
   3.3966000000000003E-002   2.9612283615326473E-003   2.9264914950773561E-003
   3.4965000000000003E-002   3.0598302733005770E-003   3.0239370116291161E-003
   3.5964000000000003E-002   3.1591482241565562E-003   3.1220897250814838E-003
   3.6963000000000003E-002   3.2591874404438005E-003   3.2209547532708561E-003
   3.7962000000000003E-002   3.3599531887316177E-003   3.3205372526692116E-003
   3.8961000000000003E-002   3.4614507761207241E-003   3.4208424186654993E-003
   3.9960000000000002E-002   3.5636855505500769E-003   3.5218754858486676E-003
   4.0959000000000002E-002   3.6666629011057523E-003   3.6236417282921904E-003
   4.1958000000000002E-002   3.7703882583314395E-003   3.7261464598397328E-003
   4.2957000000000002E-002   3.8748670945407938E-003   3.8293950343926148E-003
   4.3956000000000002E-002   3.9801049241315785E-003   3.9333928461983839E-003
   4.4955000000000002E-002   4.0861073039014807E-003   4.0381453301410169E-003
   4.5954000000000002E-002   4.1928798333657931E-003   4.1436579620323863E-003
   4.6953000000000002E-002   4.3004281550768249E-003   4.2499362589050625E-003
   4.7952000000000009E-002   4.4087579549449418E-003   4.3569857793066885E-003
   4.8951000000000008E-002   4.5178749625614687E-003   4.4648121235954215E-003
   4.9950000000000008E-002   4.6277849515233074E-003   4.5734209342369698E-003
   5.0949000000000008E-002   4.7384937397591262E-003   4.6828178961026822E-003
   5.1948000000000008E-002   4.8500071898574014E-003   4.7930087367692008E-003
   5.2947000000000008E-002   4.9623312093960660E-003   4.9039992268192769E-003
   5.3946000000000008E-002   5.0754717512738008E-003   5.0157951801437072E-003
   5.4945000000000008E-002   5.1894348140430948E-003   5.1284024542447978E-003
   5.5944000000000008E-002   5.3042264422447881E-003   5.2418269505408073E-003
   5.6943000000000007E-002   5.4198527267443203E-003   5.3560746146716900E-003
   5.7942000000000007E-002   5.5363198050696772E-003   5.4711514368060840E-003
   5.8941000000000007E-002   5.6536338617507566E-003   5.5870634519492816E-003
   5.9940000000000007E-002   5.7718011286603211E-003   5.7038167402525724E-003
   6.0939000000000007E-002   5.8908278853566998E-003   5.8214174273233631E-003
   6.1938000000000007E-002   6.0107204594278020E-003   5.9398716845367374E-003
   6.2937000000000007E-002   6.1314852268366813E-003   6.0591857293478425E-003
   6.3936000000000007E-002   6.2531286122687419E-003   6.1793658256053116E-003
   6.4935000000000007E-002   6.3756570894801306E-003   6.3004182838658348E-003
   6.5934000000000006E-002   6.4990771816478363E-003   6.4223494617095230E-003
   6.6933000000000006E-002   6.6233954617210969E-003   6.5451657640562518E-003
   6.7932000000000006E-002   6.7486185527740874E-003   6.6688736434830660E-003
   6.8931000000000006E-002   6.8747531283601298E-003   6.7934796005421844E-003
   6.9930000000000006E-002   7.0018059128672183E-003   6.9189901840800982E-003
   7.0929000000000006E-002   7.1297836818746832E-003   7.0454119915572162E-003
   7.1928000000000006E-002   7.2586932625112819E-003   7.1727516693687087E-003
   7.2927000000000006E-002   7.3885415338145050E-003   7.3010159131653108E-003
   7.3926000000000006E-002   7.5193354270909445E-003   7.4302114681757533E-003
   7.4925000000000005E-002   7.6510819262780756E-003   7.5603451295289592E-003
   7.5924000000000005E-002   7.7837880683069485E-003   7.6914237425775543E-003
   7.6923000000000005E-002   7.9174609434660374E-003   7.8234542032215686E-003
   7.7922000000000005E-002   8.0521076957661662E-003   7.9564434582324681E-003
   7.8921000000000005E-002   8.1877355233064449E-003   8.0903985055782238E-003
   7.9920000000000005E-002   8.3243516786412567E-003   8.2253263947482773E-003
   8.0919000000000005E-002   8.4619634691478242E-003   8.3612342270790747E-003
   8.1918000000000005E-002   8.6005782573951532E-003   8.4981291560799754E-003
   8.2917000000000005E-002   8.7402034615134527E-003   8.6360183877592419E-003
   8.3916000000000004E-002   8.8808465555644655E-003   8.7749091809505211E-003
   8.4915000000000004E-002   9.0225150699125428E-003   8.9148088476392433E-003
   8.5914000000000004E-002   9.1652165915962775E-003   9.0557247532890156E-003
   8.6913000000000004E-002   9.3089587647010533E-003   9.1976643171685097E-003
   8.7912000000000004E-002   9.4537492907318006E-003   9.3406350126778014E-003
   8.8911000000000004E-002   9.5995959289864336E-003   9.4846443676750124E-003
   8.9910000000000004E-002   9.7465064969298760E-003   9.6296999648024326E-003
   9.0909000000000004E-002   9.8944888705682684E-003   9.7758094418128882E-003
   9.1908000000000004E-002   1.0043550984823612E-002   9.9229804918953939E-003
   9.2907000000000003E-002   1.0193700833908737E-002   1.0071220864000646E-002
   9.3906000000000003E-002   1.0344946471702312E-002   1.0220538363165799E-002
   9.4905000000000003E-002   1.0497296012123895E-002   1.0370940850839621E-002
   9.5904000000000017E-002   1.0650757629509643E-002   1.0522436245205553E-002
   9.6903000000000017E-002   1.0805339558987095E-002   1.0675032521505680E-002
   9.7902000000000017E-002   1.0961050096850776E-002   1.0828737712362903E-002
   9.8901000000000017E-002   1.1117897600936696E-002   1.0983559908102477E-002
   9.9900000000000017E-002   1.1275890490997687E-002   1.1139507257072981E-002
  0.10089900000000002        1.1435037249077261E-002   1.1296587965966111E-002
  0.10189800000000002        1.1595346419883874E-002   1.1454810300135024E-002
  0.10289700000000002        1.1756826611164494E-002   1.1614182583912043E-002
  0.10389600000000002        1.1919486494077132E-002   1.1774713200924745E-002
  0.10489500000000002        1.2083334803563387E-002   1.1936410594410396E-002
  0.10589400000000002        1.2248380338719677E-002   1.2099283267529839E-002
  0.10689300000000002        1.2414631963167572E-002   1.2263339783678662E-002
  0.10789200000000002        1.2582098605423694E-002   1.2428588766797229E-002
  0.10889100000000002        1.2750789259267706E-002   1.2595038901678953E-002
  0.10989000000000002        1.2920712984109895E-002   1.2762698934276534E-002
  0.11088900000000002        1.3091878905356728E-002   1.2931577672006051E-002
  0.11188800000000002        1.3264296214775420E-002   1.3101683984048875E-002
  0.11288700000000002        1.3437974170857058E-002   1.3273026801651626E-002
  0.11388600000000001        1.3612922099177520E-002   1.3445615118423388E-002
  0.11488500000000001        1.3789149392757058E-002   1.3619457990630444E-002
  0.11588400000000001        1.3966665512417934E-002   1.3794564537488315E-002
  0.11688300000000001        1.4145479987139567E-002   1.3970943941451335E-002
  0.11788200000000001        1.4325602414412291E-002   1.4148605448498977E-002
  0.11888100000000001        1.4507042460587871E-002   1.4327558368418600E-002
  0.11988000000000001        1.4689809861228170E-002   1.4507812075086092E-002
  0.12087900000000001        1.4873914421451254E-002   1.4689376006742551E-002
  0.12187800000000001        1.5059366016274025E-002   1.4872259666266976E-002
  0.12287700000000001        1.5246174590952887E-002   1.5056472621445913E-002
  0.12387600000000001        1.5434350161320649E-002   1.5242024505239274E-002
  0.12487500000000001        1.5623902814120566E-002   1.5428925016041491E-002
  0.12587400000000001        1.5814842707336556E-002   1.5617183917939191E-002
  0.12687300000000001        1.6007180070520554E-002   1.5806811040964139E-002
  0.12787200000000001        1.6200925205115176E-002   1.5997816281341844E-002
  0.12887100000000001        1.6396088484773471E-002   1.6190209601735381E-002
  0.12987000000000001        1.6592680355673645E-002   1.6384001031483509E-002
  0.13086900000000001        1.6790711336830393E-002   1.6579200666836158E-002
  0.13186800000000001        1.6990192020400811E-002   1.6775818671181039E-002
  0.13286700000000001        1.7191133071986019E-002   1.6973865275267917E-002
  0.13386600000000001        1.7393545230928557E-002   1.7173350777425572E-002
  0.13486500000000001        1.7597439310603376E-002   1.7374285543773137E-002
  0.13586400000000001        1.7802826198704443E-002   1.7576680008425723E-002
  0.13686300000000001        1.8009716857525612E-002   1.7780544673693270E-002
  0.13786200000000001        1.8218122324235912E-002   1.7985890110272840E-002
  0.13886100000000001        1.8428053711147929E-002   1.8192726957434971E-002
  0.13986000000000001        1.8639522205981352E-002   1.8401065923201447E-002
  0.14085900000000001        1.8852539072119329E-002   1.8610917784517407E-002
  0.14185800000000001        1.9067115648857616E-002   1.8822293387415083E-002
  0.14285700000000001        1.9283263351647657E-002   1.9035203647169777E-002
  0.14385600000000001        1.9500993672332313E-002   1.9249659548448757E-002
  0.14485500000000001        1.9720318179373315E-002   1.9465672145450467E-002
  0.14585400000000001        1.9941248518071900E-002   1.9683252562036044E-002
  0.14685300000000001        2.0163796410780855E-002   1.9902411991852480E-002
  0.14785200000000001        2.0387973657108677E-002   2.0123161698445493E-002
  0.14885100000000001        2.0613792134114354E-002   2.0345513015364136E-002
  0.14985000000000001        2.0841263796494130E-002   2.0569477346255551E-002
  0.15084900000000001        2.1070400676758635E-002   2.0795066164948545E-002
  0.15184800000000001        2.1301214885400023E-002   2.1022291015529118E-002
  0.15284700000000001        2.1533718611050554E-002   2.1251163512403467E-002
  0.15384600000000001        2.1767924120629313E-002   2.1481695340351256E-002
  0.15484500000000001        2.2003843759480033E-002   2.1713898254567023E-002
  0.15584400000000001        2.2241489951496801E-002   2.1947784080690379E-002
  0.15684300000000001        2.2480875199239282E-002   2.2183364714824363E-002
  0.15784200000000001        2.2722012084036233E-002   2.2420652123541548E-002
  0.15884100000000001        2.2964913266077039E-002   2.2659658343877259E-002
  0.15984000000000001        2.3209591484490907E-002   2.2900395483310354E-002
  0.16083900000000001        2.3456059557413197E-002   2.3142875719730165E-002
  0.16183800000000001        2.3704330382039691E-002   2.3387111301390998E-002
  0.16283700000000001        2.3954416934665681E-002   2.3633114546849788E-002
  0.16383600000000001        2.4206332270712765E-002   2.3880897844893341E-002
  0.16483500000000001        2.4460089524740283E-002   2.4130473654447208E-002
  0.16583400000000001        2.4715701910442853E-002   2.4381854504470779E-002
  0.16683300000000001        2.4973182720632217E-002   2.4635052993837208E-002
  0.16783200000000001        2.5232545327203364E-002   2.4890081791196193E-002
  0.16883100000000001        2.5493803181085167E-002   2.5146953634820425E-002
  0.16983000000000001        2.5756969812174089E-002   2.5405681332436564E-002
  0.17082900000000001        2.6022058829251252E-002   2.5666277761035694E-002
  0.17182800000000001        2.6289083919881290E-002   2.5928755866669970E-002
  0.17282700000000001        2.6558058850294157E-002   2.6193128664226874E-002
  0.17382600000000001        2.6828997465248011E-002   2.6459409237187616E-002
  0.17482500000000001        2.7101913687872549E-002   2.6727610737365532E-002
  0.17582400000000001        2.7376821519494533E-002   2.6997746384623184E-002
  0.17682300000000001        2.7653735039441265E-002   2.7269829466571690E-002
  0.17782200000000001        2.7932668404824466E-002   2.7543873338247236E-002
  0.17882100000000001        2.8213635850303481E-002   2.7819891421766864E-002
  0.17982000000000001        2.8496651687825239E-002   2.8097897205963295E-002
  0.18081900000000001        2.8781730306344056E-002   2.8377904245995636E-002
  0.18181800000000001        2.9068886171515925E-002   2.8659926162939223E-002
  0.18281700000000001        2.9358133825372255E-002   2.8943976643350158E-002
  0.18381600000000001        2.9649487885966493E-002   2.9230069438805791E-002
  0.18481500000000001        2.9942963046998717E-002   2.9518218365423416E-002
  0.18581400000000001        3.0238574077412650E-002   2.9808437303349346E-002
  0.18681300000000001        3.0536335820968191E-002   3.0100740196225370E-002
  0.18781200000000001        3.0836263195786438E-002   3.0395141050627364E-002
  0.18881100000000001        3.1138371193867358E-002   3.0691653935477708E-002
  0.18981000000000001        3.1442674880580210E-002   3.0990292981428514E-002
  0.19080900000000001        3.1749189394123460E-002   3.1291072380218478E-002
  0.19180800000000003        3.2057929944957181E-002   3.1594006383998618E-002
  0.19280700000000003        3.2368911815204023E-002   3.1899109304630045E-002
  0.19380600000000003        3.2682150358019406E-002   3.2206395512949536E-002
  0.19480500000000003        3.2997660996930474E-002   3.2515879438006760E-002
  0.19580400000000003        3.3315459225141300E-002   3.2827575566267232E-002
  0.19680300000000003        3.3635560604806977E-002   3.3141498440782881E-002
  0.19780200000000003        3.3957980766270872E-002   3.3457662660331060E-002
  0.19880100000000003        3.4282735407269560E-002   3.3776082878519319E-002
  0.19980000000000003        3.4609840292100222E-002   3.4096773802852753E-002
  0.20079900000000003        3.4939311250752170E-002   3.4419750193770249E-002
  0.20179800000000003        3.5271164178001441E-002   3.4745026863640567E-002
  0.20279700000000003        3.5605415032465365E-002   3.5072618675723914E-002
  0.20379600000000003        3.5942079835620359E-002   3.5402540543094295E-002
  0.20479500000000003        3.6281174670777329E-002   3.5734807427524828E-002
  0.20579400000000003        3.6622715682017810E-002   3.6069434338330229E-002
  0.20679300000000003        3.6966719073086705E-002   3.6406436331174095E-002
  0.20779200000000003        3.7313201106243449E-002   3.6745828506829871E-002
  0.20879100000000003        3.7662178101067867E-002   3.7087626009903639E-002
  0.20979000000000003        3.8013666433222855E-002   3.7431844027511665E-002
  0.21078900000000003        3.8367682533169668E-002   3.7778497787915408E-002
  0.21178800000000003        3.8724242884836835E-002   3.8127602559112204E-002
  0.21278700000000003        3.9083364024241923E-002   3.8479173647378045E-002
  0.21378600000000003        3.9445062538063451E-002   3.8833226395767063E-002
  0.21478500000000003        3.9809355062162904E-002   3.9189776182561142E-002
  0.21578400000000003        4.0176258280056026E-002   3.9548838419672945E-002
  0.21678300000000003        4.0545788921331802E-002   3.9910428550997516E-002
  0.21778200000000003        4.0917963760018022E-002   4.0274562050715196E-002
  0.21878100000000003        4.1292799612892457E-002   4.0641254421543621E-002
  0.21978000000000003        4.1670313337738733E-002   4.1010521192935627E-002
  0.22077900000000003        4.2050521831545104E-002   4.1382377919224743E-002
  0.22177800000000003        4.2433442028645789E-002   4.1756840177717934E-002
  0.22277700000000003        4.2819090898802384E-002   4.2133923566729514E-002
  0.22377600000000003        4.3207485445226471E-002   4.2513643703561588E-002
  0.22477500000000003        4.3598642702538777E-002   4.2896016222427225E-002
  0.22577400000000003        4.3992579734667435E-002   4.3281056772311428E-002
  0.22677300000000003        4.4389313632680866E-002   4.3668781014777593E-002
  0.22777200000000003        4.4788861512556094E-002   4.4059204621710119E-002
  0.22877100000000003        4.5191240512880454E-002   4.4452343272994153E-002
  0.22977000000000003        4.5596467792484947E-002   4.4848212654136139E-002
  0.23076900000000003        4.6004560528009143E-002   4.5246828453817306E-002
  0.23176800000000003        4.6415535911394253E-002   4.5648206361383566E-002
  0.23276700000000003        4.6829411147306342E-002   4.6052362064268181E-002
  0.23376600000000003        4.7246203450484303E-002   4.6459311245346843E-002
  0.23476500000000003        4.7665930043014511E-002   4.6869069580225894E-002
  0.23576400000000003        4.8088608151528149E-002   4.7281652734457218E-002
  0.23676300000000003        4.8514255004322875E-002   4.7697076360686902E-002
  0.23776200000000003        4.8942887828404294E-002   4.8115356095727008E-002
  0.23876100000000003        4.9374523846447332E-002   4.8536507557557493E-002
  0.23976000000000003        4.9809180273675806E-002   4.8960546342251388E-002
  0.24075900000000003        5.0246874314659538E-002   4.9387488020824558E-002
  0.24175800000000003        5.0687623160025765E-002   4.9817348136009978E-002
  0.24275700000000003        5.1131443983085112E-002   5.0250142198951228E-002
  0.24375600000000003        5.1578353936368962E-002   5.0685885685818506E-002
  0.24475500000000003        5.2028370148078706E-002   5.1124594034342906E-002
  0.24575400000000003        5.2481509718443835E-002   5.1566282640268545E-002
  0.24675300000000003        5.2937789715986741E-002   5.2010966853722022E-002
  0.24775200000000003        5.3397227173695917E-002   5.2458661975498859E-002
  0.24875100000000003        5.3859839085101856E-002   5.2909383253258342E-002
  0.24975000000000003        5.4325642400255808E-002   5.3363145877640288E-002
  0.25074900000000000        5.4794654021611711E-002   5.3819964978285909E-002
  0.25174800000000003        5.5266890799808725E-002   5.4279855619770917E-002
  0.25274700000000000        5.5742369529345394E-002   5.4742832797452262E-002
  0.25374600000000003        5.6221106944161603E-002   5.5208911433213957E-002
  0.25474500000000000        5.6703119713106466E-002   5.5678106371131693E-002
  0.25574400000000003        5.7188424435302351E-002   5.6150432373030162E-002
  0.25674300000000005        5.7677037635403827E-002   5.6625904113951846E-002
  0.25774200000000003        5.8168975758740922E-002   5.7104536177527525E-002
  0.25874100000000005        5.8664255166359078E-002   5.7586343051249350E-002
  0.25974000000000003        5.9162892129937097E-002   5.8071339121638130E-002
  0.26073900000000005        5.9664902826597754E-002   5.8559538669318276E-002
  0.26173800000000003        6.0170303333598942E-002   5.9050955863987370E-002
  0.26273700000000005        6.0679109622907235E-002   5.9545604759276623E-002
  0.26373600000000003        6.1191337555652113E-002   6.0043499287516733E-002
  0.26473500000000005        6.1707002876462108E-002   6.0544653254390533E-002
  0.26573400000000003        6.2226121207671792E-002   6.1049080333480284E-002
  0.26673300000000005        6.2748708043411622E-002   6.1556794060709782E-002
  0.26773200000000003        6.3274778743566587E-002   6.2067807828671981E-002
  0.26873100000000005        6.3804348527614047E-002   6.2582134880851750E-002
  0.26973000000000003        6.4337432468323172E-002   6.3099788305730750E-002
  0.27072900000000005        6.4874045485333404E-002   6.3620781030787499E-002
  0.27172800000000003        6.5414202338595226E-002   6.4145125816373980E-002
  0.27272700000000005        6.5957917621679726E-002   6.4672835249485444E-002
  0.27372600000000002        6.6505205754952251E-002   6.5203921737409187E-002
  0.27472500000000005        6.7056080978610197E-002   6.5738397501262036E-002
  0.27572400000000002        6.7610557345583286E-002   6.6276274569400606E-002
  0.27672300000000005        6.8168648714292984E-002   6.6817564770721746E-002
  0.27772200000000002        6.8730368741273071E-002   6.7362279727838037E-002
  0.27872100000000005        6.9295730873647585E-002   6.7910430850134165E-002
  0.27972000000000002        6.9864748341464125E-002   6.8462029326701063E-002
  0.28071900000000005        7.0437434149884195E-002   6.9017086119148349E-002
  0.28171800000000002        7.1013801071226595E-002   6.9575611954289213E-002
  0.28271700000000005        7.1593861636863876E-002   7.0137617316711934E-002
  0.28371600000000002        7.2177628128970744E-002   7.0703112441211149E-002
  0.28471500000000005        7.2765112572121565E-002   7.1272107305108745E-002
  0.28571400000000002        7.3356326724738755E-002   7.1844611620438398E-002
  0.28671300000000005        7.3951282070389271E-002   7.2420634826007982E-002
  0.28771200000000002        7.4549989808926964E-002   7.3000186079332119E-002
  0.28871100000000005        7.5152460847484226E-002   7.3583274248443270E-002
  0.28971000000000002        7.5758705791304656E-002   7.4169907903564855E-002
  0.29070900000000005        7.6368734934424504E-002   7.4760095308665120E-002
  0.29170800000000002        7.6982558250196190E-002   7.5353844412879512E-002
  0.29270700000000005        7.7600185381655307E-002   7.5951162841797745E-002
  0.29370600000000002        7.8221625631727715E-002   7.6552057888634548E-002
  0.29470500000000005        7.8846887953284928E-002   7.7156536505260415E-002
  0.29570400000000002        7.9475980939033145E-002   7.7764605293106304E-002
  0.29670300000000005        8.0108912811248545E-002   7.8376270493943467E-002
  0.29770200000000002        8.0745691411352016E-002   7.8991537980526286E-002
  0.29870100000000005        8.1386324189323997E-002   7.9610413247116221E-002
  0.29970000000000002        8.2030818192959237E-002   8.0232901399866066E-002
  0.30069900000000005        8.2679180056963411E-002   8.0859007147090184E-002
  0.30169800000000002        8.3331415991889382E-002   8.1488734789391726E-002
  0.30269700000000005        8.3987531772912669E-002   8.2122088209675634E-002
  0.30369600000000002        8.4647532728449756E-002   8.2759070863029638E-002
  0.30469500000000005        8.5311423728616470E-002   8.3399685766479117E-002
  0.30569400000000002        8.5979209173528748E-002   8.4043935488618354E-002
  0.30669300000000005        8.6650892981443975E-002   8.4691822139125544E-002
  0.30769200000000002        8.7326478576747052E-002   8.5343347358139143E-002
  0.30869100000000005        8.8005968877780380E-002   8.5998512305530322E-002
  0.30969000000000002        8.8689366284516721E-002   8.6657317650043586E-002
  0.31068900000000005        8.9376672666080612E-002   8.7319763558326130E-002
  0.31168800000000002        9.0067889348114855E-002   8.7985849683836395E-002
  0.31268700000000005        9.0763017099997387E-002   8.8655575155639321E-002
  0.31368600000000002        9.1462056121906332E-002   8.9328938567085514E-002
  0.31468500000000005        9.2165006031739855E-002   9.0005937964388646E-002
  0.31568400000000002        9.2871865851887184E-002   9.0686570835077279E-002
  0.31668300000000005        9.3582633995857076E-002   9.1370834096355921E-002
  0.31768200000000002        9.4297308254764206E-002   9.2058724083355276E-002
  0.31868100000000005        9.5015885783675785E-002   9.2750236537275682E-002
  0.31968000000000002        9.5738363087821451E-002   9.3445366593443824E-002
  0.32067900000000005        9.6464736008668964E-002   9.4144108769258522E-002
  0.32167800000000002        9.7194999709870347E-002   9.4846456952053973E-002
  0.32267700000000005        9.7929148663077351E-002   9.5552404386873763E-002
  0.32367600000000002        9.8667176633633918E-002   9.6261943664147739E-002
  0.32467500000000005        9.9409076666147914E-002   9.6975066707296526E-002
  0.32567400000000002       0.10015484106994467        9.7691764760254401E-002
  0.32667300000000005       0.10090446140440934        9.8412028374912905E-002
  0.32767200000000002       0.10165792846421780        9.9135847398495625E-002
  0.32867100000000005       0.10241523226446360        9.9863210960871265E-002
  0.32967000000000002       0.10317636202568847       0.10059410746179229     
  0.33066900000000005       0.10394130615880988       0.10132852455809117     
  0.33166800000000002       0.10471005224996978       0.10206644915081085     
  0.33266700000000005       0.10548258704529062       0.10280786737229224     
  0.33366600000000002       0.10625889643555549       0.10355276457322293     
  0.33466500000000005       0.10703896544081780       0.10430112530964293     
  0.33566400000000002       0.10782277819493800       0.10505293332992248     
  0.33666300000000005       0.10861031793007095       0.10580817156171490     
  0.33766200000000002       0.10940156696108783       0.10656682209889062     
  0.33866100000000005       0.11019650666996220       0.10732886618845194     
  0.33966000000000002       0.11099511749010964       0.10809428421745212     
  0.34065900000000005       0.11179737889070025       0.10886305569990810     
  0.34165800000000002       0.11260326936094651       0.10963515926372232     
  0.34265700000000004       0.11341276639437570       0.11041057263761804     
  0.34365600000000002       0.11422584647309413       0.11118927263810328     
  0.34465500000000004       0.11504248505205604       0.11197123515645606     
  0.34565400000000002       0.11586265654334021       0.11275643514575157     
  0.34665300000000004       0.11668633430045082       0.11354484660793711     
  0.34765200000000002       0.11751349060264273       0.11433644258096323     
  0.34865100000000004       0.11834409663929155       0.11513119512596968     
  0.34965000000000002       0.11917812249431206       0.11592907531455426     
  0.35064900000000004       0.12001553713063716       0.11673005321611606     
  0.35164800000000002       0.12085630837476848       0.11753409788529018     
  0.35264700000000004       0.12170040290141051       0.11834117734948611     
  0.35364600000000002       0.12254778621819985       0.11915125859653322     
  0.35464500000000004       0.12339842265053749       0.11996430756244712     
  0.35564400000000002       0.12425227532654533       0.12078028911932738     
  0.35664300000000004       0.12510930616214830       0.12159916706339832     
  0.35764200000000002       0.12596947584630258       0.12242090410319234     
  0.35864100000000004       0.12683274382638277       0.12324546184791454     
  0.35964000000000002       0.12769906829373495       0.12407280079595566     
  0.36063900000000004       0.12856840616941875       0.12490288032361606     
  0.36163800000000001       0.12944071309014460       0.12573565867401459     
  0.36263700000000004       0.13031594339442462       0.12657109294620070     
  0.36363600000000001       0.13119405010895124       0.12740913908450208     
  0.36463500000000004       0.13207498493521780       0.12824975186809598     
  0.36563400000000001       0.13295869823639542       0.12909288490082865     
  0.36663300000000004       0.13384513902448666       0.12993849060129659     
  0.36763200000000001       0.13473425494776350       0.13078652019319306     
  0.36863100000000004       0.13562599227851457       0.13163692369594415     
  0.36963000000000001       0.13652029590111081       0.13248964991564513     
  0.37062900000000004       0.13741710930041076       0.13334464643629904     
  0.37162800000000001       0.13831637455052070       0.13420185961139222     
  0.37262700000000004       0.13921803230392735       0.13506123455579680     
  0.37362600000000001       0.14012202178101810       0.13592271513803281     
  0.37462500000000004       0.14102828076001006       0.13678624397289460     
  0.37562400000000001       0.14193674556730501       0.13765176241446256     
  0.37662300000000004       0.14284735106828270       0.13851921054949631     
  0.37762200000000001       0.14376003065856321       0.13938852719125661     
  0.37862100000000004       0.14467471625573633       0.14025964987373182     
  0.37962000000000001       0.14559133829160573       0.14113251484632147     
  0.38061900000000004       0.14650982570493049       0.14200705706894837     
  0.38161800000000001       0.14743010593471656       0.14288321020766592     
  0.38261700000000004       0.14835210491405856       0.14376090663072597     
  0.38361600000000007       0.14927574706454855       0.14464007740515439     
  0.38461500000000004       0.15020095529128427       0.14552065229383013     
  0.38561400000000007       0.15112765097848682       0.14640255975310371     
  0.38661300000000004       0.15205575398574583       0.14728572693093409     
  0.38761200000000007       0.15298518264491753       0.14817007966561330     
  0.38861100000000004       0.15391585375768718       0.14905554248502415     
  0.38961000000000007       0.15484768259382461       0.14994203860651062     
  0.39060900000000004       0.15578058289014202       0.15082948993733511     
  0.39160800000000007       0.15671446685017762       0.15171781707575371     
  0.39260700000000004       0.15764924514462694       0.15260693931270550     
  0.39360600000000007       0.15858482691253312       0.15349677463416189     
  0.39460500000000004       0.15952111976326100       0.15438723972412630     
  0.39560400000000007       0.16045802977927204       0.15527824996828693     
  0.39660300000000004       0.16139546151971385       0.15616971945837102     
  0.39760200000000007       0.16233331802485115       0.15706156099718779     
  0.39860100000000004       0.16327150082134376       0.15795368610437360     
  0.39960000000000007       0.16420990992840143       0.15884600502286458     
  0.40059900000000004       0.16514844386482327       0.15973842672610958     
  0.40159800000000007       0.16608699965694337       0.16063085892600154     
  0.40259700000000004       0.16702547284749558       0.16152320808160306     
  0.40359600000000007       0.16796375750541720       0.16241537940860637     
  0.40459500000000004       0.16890174623660242       0.16330727688959851     
  0.40559400000000007       0.16983933019562428       0.16419880328509839     
  0.40659300000000004       0.17077639909843753       0.16508986014540022     
  0.40759200000000007       0.17171284123607636       0.16598034782323073     
  0.40859100000000004       0.17264854348935876       0.16687016548720796     
  0.40959000000000007       0.17358339134461648       0.16775921113615455     
  0.41058900000000004       0.17451726891045019       0.16864738161421930     
  0.41158800000000006       0.17545005893553703       0.16953457262685526     
  0.41258700000000004       0.17638164282748478       0.17042067875763869     
  0.41358600000000006       0.17731190067275865       0.17130559348596239     
  0.41458500000000004       0.17824071125767035       0.17218920920555711     
  0.41558400000000006       0.17916795209045913       0.17307141724391376     
  0.41658300000000004       0.18009349942445579       0.17395210788255186     
  0.41758200000000006       0.18101722828233985       0.17483117037816923     
  0.41858100000000004       0.18193901248150351       0.17570849298467980     
  0.41958000000000006       0.18285872466051362       0.17658396297610507     
  0.42057900000000004       0.18377623630668685       0.17745746667037490     
  0.42157800000000006       0.18469141778477080       0.17832888945398276     
  0.42257700000000004       0.18560413836674117       0.17919811580753589     
  0.42357600000000006       0.18651426626271078       0.18006502933219343     
  0.42457500000000004       0.18742166865294968       0.18092951277695110     
  0.42557400000000006       0.18832621172100966       0.18179144806683398     
  0.42657300000000004       0.18922776068796782       0.18265071633193919     
  0.42757200000000006       0.19012617984776065       0.18350719793735190     
  0.42857100000000004       0.19102133260361945       0.18436077251392255     
  0.42957000000000006       0.19191308150559591       0.18521131898989071     
  0.43056900000000004       0.19280128828916648       0.18605871562336584     
  0.43156800000000006       0.19368581391491882       0.18690284003564264     
  0.43256700000000003       0.19456651860928731       0.18774356924533450     
  0.43356600000000006       0.19544326190634906       0.18858077970334308     
  0.43456500000000003       0.19631590269065216       0.18941434732861992     
  0.43556400000000006       0.19718429924106384       0.19024414754473368     
  0.43656300000000003       0.19804830927563774       0.19107005531721277     
  0.43756200000000006       0.19890778999744796       0.19189194519164907     
  0.43856100000000003       0.19976259814142117       0.19270969133256100     
  0.43956000000000006       0.20061259002208975       0.19352316756299892     
  0.44055900000000003       0.20145762158230643       0.19433224740485053     
  0.44155800000000006       0.20229754844283079       0.19513680411986159     
  0.44255700000000003       0.20313222595282665       0.19593671075130717     
  0.44355600000000006       0.20396150924119841       0.19673184016637735     
  0.44455500000000003       0.20478525326876049       0.19752206509914311     
  0.44555400000000006       0.20560331288122013       0.19830725819416661     
  0.44655300000000003       0.20641554286290942       0.19908729205070208     
  0.44755200000000006       0.20722179799127510       0.19986203926745530     
  0.44855100000000003       0.20802193309207562       0.20063137248790155     
  0.44955000000000006       0.20881580309524103       0.20139516444608929     
  0.45054900000000003       0.20960326309138586       0.20215328801296975     
  0.45154800000000006       0.21038416838892102       0.20290561624316417     
  0.45254700000000003       0.21115837457172595       0.20365202242216035     
  0.45354600000000006       0.21192573755735764       0.20439238011392902     
  0.45454500000000003       0.21268611365574325       0.20512656320889491     
  0.45554400000000006       0.21343935962831953       0.20585444597224831     
  0.45654300000000003       0.21418533274758081       0.20657590309258564     
  0.45754200000000006       0.21492389085698610       0.20729080973078723     
  0.45854100000000003       0.21565489243117872       0.20799904156917220     
  0.45954000000000006       0.21637819663649813       0.20870047486083249     
  0.46053900000000003       0.21709366339169434       0.20939498647915722     
  0.46153800000000006       0.21780115342884099       0.21008245396747990     
  0.46253700000000003       0.21850052835437941       0.21076275558883520     
  0.46353600000000006       0.21919165071023569       0.21143577037575939     
  0.46453500000000003       0.21987438403498960       0.21210137818014360     
  0.46553400000000006       0.22054859292500967       0.21275945972305135     
  0.46653300000000003       0.22121414309555565       0.21340989664449617     
  0.46753200000000006       0.22187090144172775       0.21405257155312141     
  0.46853100000000003       0.22251873609927750       0.21468736807577674     
  0.46953000000000006       0.22315751650519167       0.21531417090687788     
  0.47052900000000003       0.22378711345800537       0.21593286585761351     
  0.47152800000000006       0.22440739917779620       0.21654333990488439     
  0.47252700000000003       0.22501824736580275       0.21714548123993399     
  0.47352600000000006       0.22561953326361722       0.21773917931669196     
  0.47452500000000003       0.22621113371189810       0.21832432489974013     
  0.47552400000000006       0.22679292720855415       0.21890081011184534     
  0.47652300000000003       0.22736479396633977       0.21946852848109846     
  0.47752200000000006       0.22792661596982242       0.22002737498752317     
  0.47852100000000003       0.22847827703165380       0.22057724610919477     
  0.47952000000000006       0.22901966284810599       0.22111803986776829     
  0.48051900000000003       0.22955066105382035       0.22164965587343027     
  0.48151800000000006       0.23007116127571217       0.22217199536920468     
  0.48251700000000003       0.23058105518598082       0.22268496127457060     
  0.48351600000000006       0.23108023655419035       0.22318845822837330     
  0.48451500000000003       0.23156860129835144       0.22368239263098438     
  0.48551400000000006       0.23204604753497404       0.22416667268568186     
  0.48651300000000003       0.23251247562803012       0.22464120843918056     
  0.48751200000000006       0.23296778823679751       0.22510591182133588     
  0.48851100000000003       0.23341189036251506       0.22556069668393047     
  0.48951000000000006       0.23384468939383282       0.22600547883854158     
  0.49050900000000003       0.23426609515099298       0.22644017609345943     
  0.49150800000000006       0.23467601992871984       0.22686470828958535     
  0.49250700000000003       0.23507437853774649       0.22727899733534243     
  0.49350600000000006       0.23546108834498775       0.22768296724050938     
  0.49450500000000003       0.23583606931226878       0.22807654414898285     
  0.49550400000000006       0.23619924403362308       0.22845965637041443     
  0.49650300000000003       0.23655053777107796       0.22883223441074416     
  0.49750200000000006       0.23688987848893900       0.22919421100154028     
  0.49850100000000003       0.23721719688650758       0.22954552112814838     
  0.49950000000000006       0.23753242642922529       0.22988610205666649     
  0.50049900000000003       0.23783550337820530       0.23021589335965478     
  0.50149800000000000       0.23812636681812385       0.23053483694059615     
  0.50249700000000008       0.23840495868345990       0.23084287705709497     
  0.50349600000000005       0.23867122378304551       0.23113996034277545     
  0.50449500000000003       0.23892510982291737       0.23142603582787152     
  0.50549400000000000       0.23916656742744491       0.23170105495850180     
  0.50649300000000008       0.23939555015872024       0.23196497161458304     
  0.50749200000000005       0.23961201453420614       0.23221774212642166     
  0.50849100000000003       0.23981592004259461       0.23245932528992680     
  0.50949000000000000       0.24000722915791742       0.23268968238043838     
  0.51048900000000008       0.24018590735185597       0.23290877716520264     
  0.51148800000000005       0.24035192310426171       0.23311657591443641     
  0.51248700000000003       0.24050524791188768       0.23331304741099834     
  0.51348600000000011       0.24064585629531141       0.23349816295868475     
  0.51448500000000008       0.24077372580407444       0.23367189638909100     
  0.51548400000000005       0.24088883702000366       0.23383422406708973     
  0.51648300000000003       0.24099117355875710       0.23398512489491161     
  0.51748200000000011       0.24108072206957337       0.23412458031480915     
  0.51848100000000008       0.24115747223323308       0.23425257431033872     
  0.51948000000000005       0.24122141675826481       0.23436909340624071     
  0.52047900000000002       0.24127255137537057       0.23447412666692619     
  0.52147800000000011       0.24131087483012367       0.23456766569360565     
  0.52247700000000008       0.24133638887391076       0.23464970462002824     
  0.52347600000000005       0.24134909825318060       0.23472024010686099     
  0.52447500000000002       0.24134901069697715       0.23477927133472737     
  0.52547400000000011       0.24133613690280745       0.23482679999590561     
  0.52647300000000008       0.24131049052084474       0.23486283028469129     
  0.52747200000000005       0.24127208813651088       0.23488736888648226     
  0.52847100000000002       0.24122094925143764       0.23490042496554528     
  0.52947000000000011       0.24115709626286386       0.23490201015150719     
  0.53046900000000008       0.24108055444146964       0.23489213852462981     
  0.53146800000000005       0.24099135190769619       0.23487082659979674     
  0.53246700000000002       0.24088951960657348       0.23483809330932368     
  0.53346600000000011       0.24077509128108537       0.23479395998457309     
  0.53446500000000008       0.24064810344411988       0.23473845033638441     
  0.53546400000000005       0.24050859534902319       0.23467159043437719     
  0.53646300000000002       0.24035660895881103       0.23459340868512837     
  0.53746200000000011       0.24019218891404501       0.23450393580925225     
  0.53846100000000008       0.24001538249945845       0.23440320481742852     
  0.53946000000000005       0.23982623960932281       0.23429125098537854     
  0.54045900000000002       0.23962481271162883       0.23416811182782865     
  0.54145800000000011       0.23941115681110864       0.23403382707150633     
  0.54245700000000008       0.23918532941114073       0.23388843862718595     
  0.54345600000000005       0.23894739047458646       0.23373199056079025     
  0.54445500000000002       0.23869740238359566       0.23356452906362601     
  0.54545400000000011       0.23843542989842864       0.23338610242175808     
  0.54645300000000008       0.23816154011533924       0.23319676098453818     
  0.54745200000000005       0.23787580242354786       0.23299655713237180     
  0.54845100000000002       0.23757828846139387       0.23278554524368905     
  0.54945000000000010       0.23726907207164311       0.23256378166121189     
  0.55044900000000008       0.23694822925606077       0.23233132465751752     
  0.55144800000000005       0.23661583812926984       0.23208823439994172     
  0.55244700000000002       0.23627197887191748       0.23183457291484968     
  0.55344600000000010       0.23591673368324845       0.23157040405132617     
  0.55444500000000008       0.23555018673307485       0.23129579344429604     
  0.55544400000000005       0.23517242411322789       0.23101080847711530     
  0.55644300000000002       0.23478353378851821       0.23071551824368988     
  0.55744200000000010       0.23438360554725535       0.23040999351011845     
  0.55844100000000008       0.23397273095137189       0.23009430667592087     
  0.55944000000000005       0.23355100328619027       0.22976853173487310     
  0.56043900000000002       0.23311851750989013       0.22943274423550014     
  0.56143800000000010       0.23267537020270454       0.22908702124122954     
  0.56243700000000008       0.23222165951589793       0.22873144129026840     
  0.56343600000000005       0.23175748512056829       0.22836608435522013     
  0.56443500000000002       0.23128294815631095       0.22799103180248340     
  0.56543400000000010       0.23079815117978811       0.22760636635145728     
  0.56643300000000008       0.23030319811324954       0.22721217203359051     
  0.56743200000000005       0.22979819419303438       0.22680853415130417     
  0.56843100000000002       0.22928324591810229       0.22639553923682143     
  0.56943000000000010       0.22875846099863201       0.22597327501092768     
  0.57042900000000007       0.22822394830472145       0.22554183034170597     
  0.57142800000000005       0.22767981781522370       0.22510129520325828     
  0.57242700000000002       0.22712618056676931       0.22465176063446224     
  0.57342600000000010       0.22656314860298959       0.22419331869777065     
  0.57442500000000007       0.22599083492399397       0.22372606243809809     
  0.57542400000000005       0.22540935343612145       0.22325008584183301     
  0.57642300000000002       0.22481881890200706       0.22276548379594582     
  0.57742200000000010       0.22421934689099085       0.22227235204730050     
  0.57842100000000007       0.22361105372990198       0.22177078716213305     
  0.57942000000000005       0.22299405645423920       0.22126088648574510     
  0.58041900000000002       0.22236847275979543       0.22074274810243485     
  0.58141800000000010       0.22173442095472692       0.22021647079569290     
  0.58241700000000007       0.22109201991212152       0.21968215400867150     
  0.58341600000000005       0.22044138902306140       0.21913989780496643     
  0.58441500000000002       0.21978264815023890       0.21858980282971985     
  0.58541400000000010       0.21911591758211471       0.21803197027106883     
  0.58641300000000007       0.21844131798765920       0.21746650182196853     
  0.58741200000000005       0.21775897037170486       0.21689349964238619     
  0.58841100000000002       0.21706899603089908       0.21631306632190705     
  0.58941000000000010       0.21637151651031922       0.21572530484276184     
  0.59040900000000007       0.21566665356072556       0.21513031854328360     
  0.59140800000000004       0.21495452909649829       0.21452821108182205     
  0.59240700000000002       0.21423526515426247       0.21391908640112894     
  0.59340600000000010       0.21350898385221356       0.21330304869322056     
  0.59440500000000007       0.21277580735016530       0.21268020236473378     
  0.59540400000000004       0.21203585781032258       0.21205065200279671     
  0.59640300000000002       0.21128925735880141       0.21141450234142181     
  0.59740200000000010       0.21053612804789698       0.21077185822842071     
  0.59840100000000007       0.20977659181911718       0.21012282459286613     
  0.59940000000000004       0.20901077046698271       0.20946750641311809     
  0.60039900000000002       0.20823878560361012       0.20880600868538660     
  0.60139800000000010       0.20746075862407748       0.20813843639289192     
  0.60239700000000007       0.20667681067258120       0.20746489447558178     
  0.60339600000000004       0.20588706260939005       0.20678548780044093     
  0.60439500000000002       0.20509163497859872       0.20610032113239543     
  0.60539400000000010       0.20429064797668517       0.20540949910580950     
  0.60639300000000007       0.20348422142187650       0.20471312619657803     
  0.60739200000000004       0.20267247472431707       0.20401130669484147     
  0.60839100000000002       0.20185552685705227       0.20330414467829072     
  0.60939000000000010       0.20103349632781817       0.20259174398610616     
  0.61038900000000007       0.20020650115163729       0.20187420819349172     
  0.61138800000000004       0.19937465882422592       0.20115164058683840     
  0.61238700000000001       0.19853808629620545       0.20042414413951123     
  0.61338600000000010       0.19769689994811482       0.19969182148823661     
  0.61438500000000007       0.19685121556622415       0.19895477491013369     
  0.61538400000000004       0.19600114831914289       0.19821310630034861     
  0.61638300000000001       0.19514681273522183       0.19746691715031447     
  0.61738200000000010       0.19428832268073579       0.19671630852662611     
  0.61838100000000007       0.19342579133885529       0.19596138105053806     
  0.61938000000000004       0.19255933118938398       0.19520223487806534     
  0.62037900000000001       0.19168905398927005       0.19443896968070762     
  0.62137800000000010       0.19081507075387916       0.19367168462676798     
  0.62237700000000007       0.18993749173901273       0.19290047836329635     
  0.62337600000000004       0.18905642642368614       0.19212544899861109     
  0.62437500000000001       0.18817198349362926       0.19134669408543239     
  0.62537400000000010       0.18728427082552832       0.19056431060460680     
  0.62637300000000007       0.18639339547197553       0.18977839494941451     
  0.62737200000000004       0.18549946364714043       0.18898904291045879     
  0.62837100000000001       0.18460258071313537       0.18819634966113535     
  0.62937000000000010       0.18370285116707130       0.18740040974367478     
  0.63036900000000007       0.18280037862879825       0.18660131705573896     
  0.63136800000000004       0.18189526582931076       0.18579916483758557     
  0.63236700000000001       0.18098761459981630       0.18499404565978325     
  0.63336600000000010       0.18007752586144724       0.18418605141146402     
  0.63436500000000007       0.17916509961561741       0.18337527328912132     
  0.63536400000000004       0.17825043493499768       0.18256180178593515     
  0.63636300000000001       0.17733362995510435       0.18174572668161726     
  0.63736200000000010       0.17641478186649936       0.18092713703277177     
  0.63836100000000007       0.17549398690757298       0.18010612116377203     
  0.63936000000000004       0.17457134035790536       0.17928276665812007     
  0.64035900000000012       0.17364693653220226       0.17845716035030731     
  0.64135800000000009       0.17272086877477674       0.17762938831816119     
  0.64235700000000007       0.17179322945458173       0.17679953587565442     
  0.64335600000000004       0.17086410996076740       0.17596768756618794     
  0.64435500000000012       0.16993360069876040       0.17513392715632853     
  0.64535400000000009       0.16900179108684613       0.17429833762999447     
  0.64635300000000007       0.16806876955325173       0.17346100118308136     
  0.64735200000000004       0.16713462353370115       0.17262199921851712     
  0.64835100000000012       0.16619943946945137       0.17178141234173988     
  0.64935000000000009       0.16526330280577317       0.17093932035658838     
  0.65034900000000007       0.16432629799089307       0.17009580226159507     
  0.65134800000000004       0.16338850847535233       0.16925093624667847     
  0.65234700000000012       0.16245001671180131       0.16840479969021271     
  0.65334600000000009       0.16151090415519251       0.16755746915648498     
  0.65434500000000007       0.16057125126337912       0.16670902039351129     
  0.65534400000000004       0.15963113749809721       0.16585952833121731     
  0.65634300000000012       0.15869064132631569       0.16500906707996590     
  0.65734200000000009       0.15774984022196273       0.16415770992942949     
  0.65834100000000007       0.15680881066798924       0.16330552934778939     
  0.65934000000000004       0.15586762815877894       0.16245259698126280     
  0.66033900000000012       0.15492636720288860       0.16159898365394454     
  0.66133800000000009       0.15398510132610288       0.16074475936795118     
  0.66233700000000006       0.15304390307479473       0.15988999330386533     
  0.66333600000000004       0.15210284401958257       0.15903475382146792     
  0.66433500000000012       0.15116199475927955       0.15817910846075103     
  0.66533400000000009       0.15022142492510263       0.15732312394320203     
  0.66633300000000006       0.14928120318516047       0.15646686617334932     
  0.66733200000000004       0.14834139724918577       0.15561040024056882     
  0.66833100000000012       0.14740207387351786       0.15475379042112650     
  0.66933000000000009       0.14646329886631346       0.15389710018047478     
  0.67032900000000006       0.14552513709298809       0.15304039217576207     
  0.67132800000000004       0.14458765248186772       0.15218372825858445     
  0.67232700000000012       0.14365090803004452       0.15132716947793395     
  0.67332600000000009       0.14271496580943602       0.15047077608336812     
  0.67432500000000006       0.14177988697302482       0.14961460752837027     
  0.67532400000000004       0.14084573176127782       0.14875872247390609     
  0.67632300000000012       0.13991255950873760       0.14790317879216985     
  0.67732200000000009       0.13898042865077193       0.14704803357049528     
  0.67832100000000006       0.13804939673047834       0.14619334311544829     
  0.67932000000000003       0.13711952040573114       0.14533916295708563     
  0.68031900000000012       0.13619085545636914       0.14448554785335277     
  0.68131800000000009       0.13526345679150550       0.14363255179465600     
  0.68231700000000006       0.13433737845696603       0.14278022800855633     
  0.68331600000000003       0.13341267364283696       0.14192862896461186     
  0.68431500000000012       0.13248939469111859       0.14107780637935169     
  0.68531400000000009       0.13156759310348407       0.14022781122136296     
  0.68631300000000006       0.13064731954912298       0.13937869371650999     
  0.68731200000000003       0.12972862387267659       0.13853050335325309     
  0.68831100000000012       0.12881155510225051       0.13768328888808265     
  0.68931000000000009       0.12789616145749874       0.13683709835104801     
  0.69030900000000006       0.12698249035777651       0.13599197905138119     
  0.69130800000000003       0.12607058843035260       0.13514797758321401     
  0.69230700000000012       0.12516050151867833       0.13430513983137446     
  0.69330600000000009       0.12425227469070038       0.13346351097726464     
  0.69430500000000006       0.12334595224722371       0.13262313550480873     
  0.69530400000000003       0.12244157773030792       0.13178405720647196     
  0.69630300000000012       0.12153919393169860       0.13094631918934502     
  0.69730200000000009       0.12063884290128429       0.13010996388128040     
  0.69830100000000006       0.11974056595557880       0.12927503303708948     
  0.69930000000000003       0.11884440368621993       0.12844156774478477     
  0.70029900000000012       0.11795039596848364       0.12760960843187069     
  0.70129800000000009       0.11705858196980173       0.12677919487167216     
  0.70229700000000006       0.11616900015829257       0.12595036618970015     
  0.70329600000000003       0.11528168831128460       0.12512316087005221     
  0.70429500000000012       0.11439668352384066       0.12429761676183837     
  0.70529400000000009       0.11351402221727343       0.12347377108563409     
  0.70629300000000006       0.11263374014765004       0.12265166043995347     
  0.70729200000000003       0.11175587241428048       0.12183132080773822     
  0.70829100000000011       0.11088045346818906       0.12101278756286282     
  0.70929000000000009       0.11000751712056506       0.12019609547664985     
  0.71028900000000006       0.10913709655118564       0.11938127872439074     
  0.71128800000000003       0.10826922431681235       0.11856837089187161     
  0.71228700000000011       0.10740393235955552       0.11775740498189950     
  0.71328600000000009       0.10654125201520630       0.11694841342082828     
  0.71428500000000006       0.10568121402153219       0.11614142806507460     
  0.71528400000000003       0.10482384852652826       0.11533648020763336     
  0.71628300000000011       0.10396918509663308       0.11453360058457489     
  0.71728200000000009       0.10311725272489725       0.11373281938153471     
  0.71828100000000006       0.10226807983910244       0.11293416624018303     
  0.71928000000000003       0.10142169430983725       0.11213767026468074     
  0.72027900000000011       0.10057812345851620       0.11134336002811000     
  0.72127800000000009        9.9737394065350107E-002  0.11055126357888465     
  0.72227700000000006        9.8899532377258778E-002  0.10976140844713884     
  0.72327600000000003        9.8064564115727670E-002  0.10897382165107937     
  0.72427500000000011        9.7232514484603835E-002  0.10818852970331709     
  0.72527400000000009        9.6403408177836936E-002  0.10740555861716630     
  0.72627300000000006        9.5577269387150748E-002  0.10662493391290633     
  0.72727200000000003        9.4754121809657227E-002  0.10584668062401371     
  0.72827100000000011        9.3933988655403075E-002  0.10507082330335522     
  0.72927000000000008        9.3116892654851291E-002  0.10429738602934242     
  0.73026900000000006        9.2302856066292432E-002  0.10352639241204939     
  0.73126800000000003        9.1491900683191088E-002  0.10275786559928379     
  0.73226700000000011        9.0684047841459128E-002  0.10199182828262299     
  0.73326600000000008        8.9879318426661345E-002  0.10122830270339871     
  0.73426500000000006        8.9077732881145955E-002  0.10046731065864210     
  0.73526400000000003        8.8279311211103079E-002   9.9708873506977200E-002
  0.73626300000000011        8.7484072993552847E-002   9.8953012174470972E-002
  0.73726200000000008        8.6692037383251860E-002   9.8199747160432810E-002
  0.73826100000000006        8.5903223119534619E-002   9.7449098543161791E-002
  0.73926000000000003        8.5117648533067039E-002   9.6701085985648777E-002
  0.74025900000000011        8.4335331552534629E-002   9.5955728741218382E-002
  0.74125800000000008        8.3556289711246429E-002   9.5213045659126486E-002
  0.74225700000000006        8.2780540153661666E-002   9.4473055190097105E-002
  0.74325600000000003        8.2008099641842816E-002   9.3735775391810494E-002
  0.74425500000000011        8.1238984561824240E-002   9.3001223934330440E-002
  0.74525400000000008        8.0473210929907862E-002   9.2269418105479659E-002
  0.74625300000000006        7.9710794398871326E-002   9.1540374816157094E-002
  0.74725200000000003        7.8951750264106987E-002   9.0814110605597881E-002
  0.74825100000000011        7.8196093469670297E-002   9.0090641646574765E-002
  0.74925000000000008        7.7443838614255897E-002   8.9369983750540991E-002
  0.75024900000000005        7.6694999957089074E-002   8.8652152372718049E-002
  0.75124800000000003        7.5949591423737819E-002   8.7937162617116996E-002
  0.75224700000000011        7.5207626611844852E-002   8.7225029241505922E-002
  0.75324600000000008        7.4469118796777867E-002   8.6515766662314808E-002
  0.75424500000000005        7.3734080937198868E-002   8.5809388959480079E-002
  0.75524400000000003        7.3002525680553973E-002   8.5105909881227126E-002
  0.75624300000000011        7.2274465368479548E-002   8.4405342848792642E-002
  0.75724200000000008        7.1549912042131583E-002   8.3707700961088413E-002
  0.75824100000000005        7.0828877447429092E-002   8.3012996999295097E-002
  0.75924000000000003        7.0111373040221525E-002   8.2321243431405261E-002
  0.76023900000000011        6.9397409991371853E-002   8.1632452416692550E-002
  0.76123800000000008        6.8686999191761244E-002   8.0946635810130244E-002
  0.76223700000000005        6.7980151257211824E-002   8.0263805166738256E-002
  0.76323600000000003        6.7276876533330171E-002   7.9583971745870938E-002
  0.76423500000000011        6.6577185100269942E-002   7.8907146515446003E-002
  0.76523400000000008        6.5881086777413819E-002   7.8233340156104128E-002
  0.76623300000000005        6.5188591127978188E-002   7.7562563065310786E-002
  0.76723200000000014        6.4499707463534367E-002   7.6894825361394081E-002
  0.76823100000000011        6.3814444848453500E-002   7.6230136887520922E-002
  0.76923000000000008        6.3132812104271227E-002   7.5568507215608968E-002
  0.77022900000000005        6.2454817813972961E-002   7.4909945650176349E-002
  0.77122800000000014        6.1780470326200695E-002   7.4254461232131377E-002
  0.77222700000000011        6.1109777759382221E-002   7.3602062742498045E-002
  0.77322600000000008        6.0442748005780644E-002   7.2952758706079091E-002
  0.77422500000000005        5.9779388735467218E-002   7.2306557395056967E-002
  0.77522400000000014        5.9119707400215923E-002   7.1663466832536160E-002
  0.77622300000000011        5.8463711237321546E-002   7.1023494796018771E-002
  0.77722200000000008        5.7811407273338673E-002   7.0386648820822628E-002
  0.77822100000000005        5.7162802327746905E-002   6.9752936203435756E-002
  0.77922000000000013        5.6517903016536947E-002   6.9122364004810616E-002
  0.78021900000000011        5.5876715755721784E-002   6.8494939053598394E-002
  0.78121800000000008        5.5239246764772390E-002   6.7870667949320104E-002
  0.78221700000000005        5.4605502069976289E-002   6.7249557065479401E-002
  0.78321600000000013        5.3975487507723269E-002   6.6631612552614697E-002
  0.78421500000000011        5.3349208727713426E-002   6.6016840341291252E-002
  0.78521400000000008        5.2726671196093020E-002   6.5405246145033138E-002
  0.78621300000000005        5.2107880198513430E-002   6.4796835463196853E-002
  0.78721200000000013        5.1492840843119426E-002   6.4191613583784210E-002
  0.78821100000000011        5.0881558063460258E-002   6.3589585586199454E-002
  0.78921000000000008        5.0274036621328289E-002   6.2990756343944895E-002
  0.79020900000000005        4.9670281109527023E-002   6.2395130527258813E-002
  0.79120800000000013        4.9070295954561985E-002   6.1802712605698376E-002
  0.79220700000000011        4.8474085419263041E-002   6.1213506850661133E-002
  0.79320600000000008        4.7881653605329658E-002   6.0627517337852883E-002
  0.79420500000000005        4.7293004455809903E-002   6.0044747949695061E-002
  0.79520400000000013        4.6708141757502389E-002   5.9465202377680687E-002
  0.79620300000000011        4.6127069143289560E-002   5.8888884124669263E-002
  0.79720200000000008        4.5549790094399509E-002   5.8315796507128682E-002
  0.79820100000000005        4.4976307942594010E-002   5.7745942657321754E-002
  0.79920000000000013        4.4406625872289690E-002   5.7179325525437044E-002
  0.80019900000000010        4.3840746922605402E-002   5.6615947881665254E-002
  0.80119800000000008        4.3278673989341002E-002   5.6055812318222022E-002
  0.80219700000000005        4.2720409826883875E-002   5.5498921251316717E-002
  0.80319600000000013        4.2165957050047435E-002   5.4945276923067589E-002
  0.80419500000000010        4.1615318135839019E-002   5.4394881403364112E-002
  0.80519400000000008        4.1068495425157385E-002   5.3847736591677471E-002
  0.80619300000000005        4.0525491124420769E-002   5.3303844218817217E-002
  0.80719200000000013        3.9986307307126517E-002   5.2763205848638757E-002
  0.80819100000000010        3.9450945915340319E-002   5.2225822879697049E-002
  0.80919000000000008        3.8919408761116520E-002   5.1691696546852205E-002
  0.81018900000000005        3.8391697527849371E-002   5.1160827922820749E-002
  0.81118800000000013        3.7867813771555035E-002   5.0633217919681832E-002
  0.81218700000000010        3.7347758922085195E-002   5.0108867290330428E-002
  0.81318600000000008        3.6831534284271120E-002   4.9587776629881383E-002
  0.81418500000000005        3.6319141038999005E-002   4.9069946377027891E-002
  0.81518400000000013        3.5810580244217093E-002   4.8555376815349396E-002
  0.81618300000000010        3.5305852835873050E-002   4.8044068074571726E-002
  0.81718200000000007        3.4804959628783390E-002   4.7536020131781341E-002
  0.81818100000000005        3.4307901317433123E-002   4.7031232812591493E-002
  0.81918000000000013        3.3814678476707792E-002   4.6529705792264599E-002
  0.82017900000000010        3.3325291562555509E-002   4.6031438596785219E-002
  0.82117800000000007        3.2839740912580462E-002   4.5536430603890725E-002
  0.82217700000000005        3.2358026746567722E-002   4.5044681044056185E-002
  0.82317600000000013        3.1880149166938196E-002   4.4556189001435029E-002
  0.82417500000000010        3.1406108159134388E-002   4.4070953414755636E-002
  0.82517400000000007        3.0935903591938596E-002   4.3588973078175088E-002
  0.82617300000000005        3.0469535217717770E-002   4.3110246642091246E-002
  0.82717200000000013        3.0007002672602832E-002   4.2634772613909695E-002
  0.82817100000000010        2.9548305476595420E-002   4.2162549358772679E-002
  0.82917000000000007        2.9093443033605504E-002   4.1693575100244164E-002
  0.83016900000000005        2.8642414631418808E-002   4.1227847920955935E-002
  0.83116800000000013        2.8195219441593006E-002   4.0765365763212581E-002
  0.83216700000000010        2.7751856519283961E-002   4.0306126429558373E-002
  0.83316600000000007        2.7312324803000432E-002   3.9850127583304029E-002
  0.83416500000000005        2.6876623114287325E-002   3.9397366749015894E-002
  0.83516400000000013        2.6444750157337226E-002   3.8947841312966851E-002
  0.83616300000000010        2.6016704518530956E-002   3.8501548523551921E-002
  0.83716200000000007        2.5592484665904067E-002   3.8058485491664525E-002
  0.83816100000000004        2.5172088948541588E-002   3.7618649191038758E-002
  0.83916000000000013        2.4755515595899953E-002   3.7182036458556750E-002
  0.84015900000000010        2.4342762717054371E-002   3.6748643994520373E-002
  0.84115800000000007        2.3933828299873353E-002   3.6318468362889329E-002
  0.84215700000000004        2.3528710210117838E-002   3.5891505991486043E-002
  0.84315600000000013        2.3127406190466201E-002   3.5467753172168097E-002
  0.84415500000000010        2.2729913859463394E-002   3.5047206060968616E-002
  0.84515400000000007        2.2336230710394523E-002   3.4629860678204921E-002
  0.84615300000000004        2.1946354110081622E-002   3.4215712908558106E-002
  0.84715200000000013        2.1560281297604136E-002   3.3804758501120323E-002
  0.84815100000000010        2.1178009382941551E-002   3.3396993069416528E-002
  0.84915000000000007        2.0799535345537450E-002   3.2992412091393593E-002
  0.85014900000000004        2.0424856032785804E-002   3.2591010909385952E-002
  0.85114800000000013        2.0053968158437008E-002   3.2192784730051528E-002
  0.85214700000000010        1.9686868300925184E-002   3.1797728624283546E-002
  0.85314600000000007        1.9323552901613451E-002   3.1405837527095769E-002
  0.85414500000000004        1.8964018262958796E-002   3.1017106237484271E-002
  0.85514400000000013        1.8608260546595052E-002   3.0631529418265024E-002
  0.85614300000000010        1.8256275771332594E-002   3.0249101595889734E-002
  0.85714200000000007        1.7908059811075336E-002   2.9869817160238839E-002
  0.85814100000000004        1.7563608392652603E-002   2.9493670364393834E-002
  0.85914000000000013        1.7222917093567384E-002   2.9120655324390069E-002
  0.86013900000000010        1.6885981339658088E-002   2.8750766018950630E-002
  0.86113800000000007        1.6552796402673632E-002   2.8383996289200315E-002
  0.86213700000000004        1.6223357397762206E-002   2.8020339838364557E-002
  0.86313600000000013        1.5897659280870689E-002   2.7659790231450748E-002
  0.86413500000000010        1.5575696846056772E-002   2.7302340894915653E-002
  0.86513400000000007        1.5257464722709687E-002   2.6947985116316492E-002
  0.86613300000000004        1.4942957372681530E-002   2.6596716043951245E-002
  0.86713200000000012        1.4632169087326695E-002   2.6248526686485245E-002
  0.86813100000000010        1.4325093984449195E-002   2.5903409912567232E-002
  0.86913000000000007        1.4021726005156422E-002   2.5561358450435483E-002
  0.87012900000000004        1.3722058910619507E-002   2.5222364887515409E-002
  0.87112800000000012        1.3426086278738189E-002   2.4886421670008402E-002
  0.87212700000000010        1.3133801500710335E-002   2.4553521102476345E-002
  0.87312600000000007        1.2845197777504307E-002   2.4223655347417699E-002
  0.87412500000000004        1.2560268116234511E-002   2.3896816424842655E-002
  0.87512400000000012        1.2279005326437475E-002   2.3572996211842681E-002
  0.87612300000000010        1.2001402016250037E-002   2.3252186442160601E-002
  0.87712200000000007        1.1727450588485617E-002   2.2934378705758613E-002
  0.87812100000000004        1.1457143236611343E-002   2.2619564448388474E-002
  0.87912000000000012        1.1190471940621867E-002   2.2307734971162878E-002
  0.88011900000000010        1.0927428462811336E-002   2.1998881430131258E-002
  0.88111800000000007        1.0668004343441650E-002   2.1692994835859913E-002
  0.88211700000000004        1.0412190896306375E-002   2.1390066053018721E-002
  0.88311600000000012        1.0159979204189895E-002   2.1090085799975317E-002
  0.88411500000000010        9.9113601142206929E-003   2.0793044648398724E-002
  0.88511400000000007        9.6663242331181676E-003   2.0498933022873242E-002
  0.88611300000000004        9.4248619223325607E-003   2.0207741200524383E-002
  0.88711200000000012        9.1869632930770707E-003   1.9919459310658326E-002
  0.88811100000000009        8.9526182012518076E-003   1.9634077334416460E-002
  0.88911000000000007        8.7218162422589909E-003   1.9351585104446491E-002
  0.89010900000000004        8.4945467457087729E-003   1.9071972304590967E-002
  0.89110800000000012        8.2707987700159670E-003   1.8795228469596328E-002
  0.89210700000000009        8.0505610968863058E-003   1.8521342984842447E-002
  0.89310600000000007        7.8338222256928644E-003   1.8250305086095049E-002
  0.89410500000000004        7.6205703677422777E-003   1.7982103859282714E-002
  0.89510400000000012        7.4107934404304184E-003   1.7716728240299261E-002
  0.89610300000000009        7.2044790612879007E-003   1.7454167014834633E-002
  0.89710200000000007        7.0016145419153457E-003   1.7194408818233912E-002
  0.89810100000000015        6.8021868818088889E-003   1.6937442135387833E-002
  0.89910000000000012        6.6061827620761890E-003   1.6683255300655935E-002
  0.90009900000000009        6.4135885390433781E-003   1.6431836497823229E-002
  0.90109800000000007        6.2243902377539179E-003   1.6183173760093227E-002
  0.90209700000000015        6.0385735453601097E-003   1.5937254970118452E-002
  0.90309600000000012        5.8561238044082323E-003   1.5694067860069806E-002
  0.90409500000000009        5.6770260060183837E-003   1.5453600011746992E-002
  0.90509400000000007        5.5012647829610324E-003   1.5215838856731634E-002
  0.90609300000000015        5.3288244026311960E-003   1.4980771676584110E-002
  0.90709200000000012        5.1596887599227800E-003   1.4748385603086818E-002
  0.90809100000000009        4.9938413700047254E-003   1.4518667618534648E-002
  0.90909000000000006        4.8312653610018573E-003   1.4291604556074493E-002
  0.91008900000000015        4.6719434665826072E-003   1.4067183100095901E-002
  0.91108800000000012        4.5158580184574268E-003   1.3845389786674088E-002
  0.91208700000000009        4.3629909387903317E-003   1.3626211004066680E-002
  0.91308600000000006        4.2133237325281811E-003   1.3409632993266633E-002
  0.91408500000000015        4.0668374796513822E-003   1.3195641848611791E-002
  0.91508400000000012        3.9235128273505835E-003   1.2984223518453814E-002
  0.91608300000000009        3.7833299821345757E-003   1.2775363805886387E-002
  0.91708200000000006        3.6462687018747769E-003   1.2569048369536626E-002
  0.91808100000000015        3.5123082877922323E-003   1.2365262724418092E-002
  0.91908000000000012        3.3814275763940677E-003   1.2163992242849709E-002
  0.92007900000000009        3.2536049313658783E-003   1.1965222155440210E-002
  0.92107800000000006        3.1288182354285727E-003   1.1768937552139489E-002
  0.92207700000000015        3.0070448821676336E-003   1.1575123383359249E-002
  0.92307600000000012        2.8882617678442826E-003   1.1383764461163313E-002
  0.92407500000000009        2.7724452831981976E-003   1.1194845460528773E-002
  0.92507400000000006        2.6595713052529010E-003   1.1008350920679659E-002
  0.92607300000000015        2.5496151891352013E-003   1.0824265246493704E-002
  0.92707200000000012        2.4425517599215344E-003   1.0642572709983351E-002
  0.92807100000000009        2.3383553045245573E-003   1.0463257451852158E-002
  0.92907000000000006        2.2369995636348206E-003   1.0286303483127236E-002
  0.93006900000000015        2.1384577237334493E-003   1.0111694686868490E-002
  0.93106800000000012        2.0427024091925748E-003   9.9394148199560203E-003
  0.93206700000000009        1.9497056744821391E-003   9.7694475149549924E-003
  0.93306600000000006        1.8594389965027388E-003   9.6017762820601767E-003
  0.93406500000000015        1.7718732670656599E-003   9.4363845111194895E-003
  0.93506400000000012        1.6869787855431251E-003   9.2732554737373837E-003
  0.93606300000000009        1.6047252517129604E-003   9.1123723254580968E-003
  0.93706200000000006        1.5250817588243362E-003   8.9537181080296437E-003
  0.93806100000000014        1.4480167869126068E-003   8.7972757517476817E-003
  0.93906000000000012        1.3734981963937282E-003   8.6430280778801681E-003
  0.94005900000000009        1.3014932219705694E-003   8.4909578011719885E-003
  0.94105800000000006        1.2319684668862115E-003   8.3410475324299654E-003
  0.94205700000000014        1.1648898975614318E-003   8.1932797811874371E-003
  0.94305600000000012        1.1002228386565165E-003   8.0476369584483974E-003
  0.94405500000000009        1.0379319686001844E-003   7.9041013795102776E-003
  0.94505400000000006        9.7798131563172144E-004   7.7626552668648569E-003
  0.94605300000000014        9.2033425440533271E-004   7.6232807531769493E-003
  0.94705200000000012        8.6495350320958773E-004   7.4859598843390910E-003
  0.94805100000000009        8.1180112185805686E-004   7.3506746226021059E-003
  0.94905000000000006        7.6083851031176638E-004   7.2174068497797214E-003
  0.95004900000000014        7.1202640809774087E-004   7.0861383705265761E-003
  0.95104800000000012        6.6532489459289403E-004   6.9568509156879036E-003
  0.95204700000000009        6.2069339024698931E-004   6.8295261457190799E-003
  0.95304600000000006        5.7809065882378022E-004   6.7041456541742034E-003
  0.95404500000000014        5.3747481074478915E-004   6.5806909712613042E-003
  0.95504400000000012        4.9880330762609151E-004   6.4591435674624291E-003
  0.95604300000000009        4.6203296810474564E-004   6.3394848572167640E-003
  0.95704200000000006        4.2711997505821305E-004   6.2216962026646200E-003
  0.95804100000000014        3.9401988432722702E-004   6.1057589174498108E-003
  0.95904000000000011        3.6268763506027118E-004   5.9916542705784510E-003
  0.96003900000000009        3.3307756180589703E-004   5.8793634903312368E-003
  0.96103800000000006        3.0514340848801562E-004   5.7688677682271299E-003
  0.96203700000000014        2.7883834440842469E-004   5.6601482630350419E-003
  0.96303600000000011        2.5411498243101230E-004   5.5531861048316276E-003
  0.96403500000000009        2.3092539951257178E-004   5.4479623991011694E-003
  0.96503400000000006        2.0922115975675911E-004   5.3444582308755338E-003
  0.96603300000000014        1.8895334017978932E-004   5.2426546689102677E-003
  0.96703200000000011        1.7007255938963054E-004   5.1425327698943289E-003
  0.96803100000000009        1.5252900939437166E-004   5.0440735826892749E-003
  0.96903000000000006        1.3627249077047656E-004   4.9472581525954705E-003
  0.97002900000000014        1.2125245143759459E-004   4.8520675256410514E-003
  0.97102800000000011        1.0741802930379307E-004   4.7584827528904953E-003
  0.97202700000000009        9.4718099063409003E-005   4.6664848947690022E-003
  0.97302600000000006        8.3101323449441916E-005   4.5760550253991540E-003
  0.97402500000000014        7.2516209263439281E-005   4.4871742369459369E-003
  0.97502400000000011        6.2911168528443921E-005   4.3998236439664459E-003
  0.97602300000000008        5.4234585134752286E-005   4.3139843877603281E-003
  0.97702200000000006        4.6434887374218827E-005   4.2296376407172055E-003
  0.97802100000000014        3.9460626786622169E-005   4.1467646106570699E-003
  0.97902000000000011        3.3260563771481671E-005   4.0653465451598618E-003
  0.98001900000000008        2.7783760450698656E-005   3.9853647358800565E-003
  0.98101800000000006        2.2979681301764589E-005   3.9068005228425802E-003
  0.98201700000000014        1.8798302118117279E-005   3.8296352987158399E-003
  0.98301600000000011        1.5190227892813778E-005   3.7538505130581480E-003
  0.98401500000000008        1.2106820264161179E-005   3.6794276765335786E-003
  0.98501400000000006        9.5003352076013331E-006   3.6063483650930900E-003
  0.98601300000000014        7.3240717071557574E-006   3.5345942241175364E-003
  0.98701200000000011        5.5325321924336536E-006   3.4641469725182582E-003
  0.98801100000000008        4.0815955838327805E-006   3.3949884067917182E-003
  0.98901000000000006        2.9287038494629614E-006   3.3271004050244354E-003
  0.99000900000000014        2.0330630428054445E-006   3.2604649308445159E-003
  0.99100800000000011        1.3558598605846637E-006   3.1950640373162283E-003
  0.99200700000000008        8.6049483614791172E-007   3.1308798707739339E-003
  0.99300600000000006        5.1283336527315235E-007   3.0678946745922478E-003
  0.99400500000000014        2.8147584921110473E-007   3.0060907928888022E-003
  0.99500400000000011        1.3804833443874688E-007   2.9454506741565523E-003
  0.99600300000000008        5.7515130603519046E-008   2.8859568748223299E-003
  0.99700200000000005        1.8514998079754640E-008   2.8275920627287947E-003
  0.99800100000000014        3.7226150942208586E-009   2.7703390205366463E-003
  0.99900000000000011        2.3716222369610095E-010   2.7141806490446323E-003
