   9.9900000000000010E-004   7.6888697200104141E-005   7.0097148180110289E-005
   1.9980000000000002E-003   1.5391157926830014E-004   1.4034987281769332E-004
   2.9970000000000005E-003   2.3106233003259539E-004   2.1075348853678914E-004
   3.9960000000000004E-003   3.0833458238180029E-004   2.8130326879190507E-004
   4.9950000000000003E-003   3.8572191968705790E-004   3.5199444673576362E-004
   5.9940000000000011E-003   4.6321787724263490E-004   4.2282221609972362E-004
   6.9930000000000010E-003   5.4081594372529110E-004   4.9378173208653418E-004
   7.9920000000000008E-003   6.1850956267165726E-004   5.6486811227511558E-004
   8.9910000000000007E-003   6.9629213397288904E-004   6.3607643753701493E-004
   9.9900000000000006E-003   7.7415701538599069E-004   7.0740175296423108E-004
   1.0989000000000001E-002   8.5209752406109423E-004   7.7883906880800804E-004
   1.1988000000000002E-002   9.3010693808404804E-004   8.5038336142832576E-004
   1.2987000000000002E-002   1.0081784980335753E-003   9.2202957425368116E-004
   1.3986000000000002E-002   1.0863054085523747E-003   9.9377261875079450E-004
   1.4985000000000002E-002   1.1644808399314079E-003   1.0656073754039530E-003
   1.5984000000000002E-002   1.2426979297066420E-003   1.1375286947035398E-003
   1.6983000000000002E-002   1.3209497842676323E-003   1.2095313981434154E-003
   1.7982000000000001E-002   1.3992294804771096E-003   1.2816102792268227E-003
   1.8981000000000001E-002   1.4775300673008961E-003   1.3537601044803572E-003
   1.9980000000000001E-002   1.5558445674474716E-003   1.4259756144756840E-003
   2.0979000000000001E-002   1.6341659790163245E-003   1.4982515248586012E-003
   2.1978000000000001E-002   1.7124872771545016E-003   1.5705825273850567E-003
   2.2977000000000001E-002   1.7908014157205175E-003   1.6429632909637751E-003
   2.3976000000000004E-002   1.8691013289549303E-003   1.7153884627050431E-003
   2.4975000000000004E-002   1.9473799331567935E-003   1.7878526689752579E-003
   2.5974000000000004E-002   2.0256301283653019E-003   1.8603505164569881E-003
   2.6973000000000004E-002   2.1038448000458574E-003   1.9328765932139413E-003
   2.7972000000000004E-002   2.1820168207798167E-003   2.0054254697606066E-003
   2.8971000000000004E-002   2.2601390519571469E-003   2.0779917001360732E-003
   2.9970000000000004E-002   2.3382043454713212E-003   2.1505698229817662E-003
   3.0969000000000003E-002   2.4162055454156166E-003   2.2231543626224778E-003
   3.1968000000000003E-002   2.4941354897801827E-003   2.2957398301505431E-003
   3.2967000000000003E-002   2.5719870121490894E-003   2.3683207245126063E-003
   3.3966000000000003E-002   2.6497529433965857E-003   2.4408915335986433E-003
   3.4965000000000003E-002   2.7274261133819252E-003   2.5134467353327139E-003
   3.5964000000000003E-002   2.8049993526419654E-003   2.5859807987653840E-003
   3.6963000000000003E-002   2.8824654940809023E-003   2.6584881851670116E-003
   3.7962000000000003E-002   2.9598173746563350E-003   2.7309633491216481E-003
   3.8961000000000003E-002   3.0370478370609858E-003   2.8034007396215031E-003
   3.9960000000000002E-002   3.1141497313994246E-003   2.8757948011608825E-003
   4.0959000000000002E-002   3.1911159168590483E-003   2.9481399748299236E-003
   4.1958000000000002E-002   3.2679392633746039E-003   3.0204306994072454E-003
   4.2957000000000002E-002   3.3446126532857036E-003   3.0926614124513973E-003
   4.3956000000000002E-002   3.4211289829864330E-003   3.1648265513906015E-003
   4.4955000000000002E-002   3.4974811645666747E-003   3.2369205546104816E-003
   4.5954000000000002E-002   3.5736621274442409E-003   3.3089378625393122E-003
   4.6953000000000002E-002   3.6496648199872833E-003   3.3808729187305205E-003
   4.7952000000000009E-002   3.7254822111263794E-003   3.4527201709418664E-003
   4.8951000000000008E-002   3.8011072919555394E-003   3.5244740722114136E-003
   4.9950000000000008E-002   3.8765330773216982E-003   3.5961290819291770E-003
   5.0949000000000008E-002   3.9517526074019111E-003   3.6676796669048851E-003
   5.1948000000000008E-002   4.0267589492676793E-003   3.7391203024307739E-003
   5.2947000000000008E-002   4.1015451984360279E-003   3.8104454733397805E-003
   5.3946000000000008E-002   4.1761044804064680E-003   3.8816496750580269E-003
   5.4945000000000008E-002   4.2504299521834840E-003   3.9527274146520380E-003
   5.5944000000000008E-002   4.3245148037839220E-003   4.0236732118695863E-003
   5.6943000000000007E-002   4.3983522597287215E-003   4.0944816001744887E-003
   5.7942000000000007E-002   4.4719355805185740E-003   4.1651471277745402E-003
   5.8941000000000007E-002   4.5452580640928109E-003   4.2356643586426365E-003
   5.9940000000000007E-002   4.6183130472712457E-003   4.3060278735304351E-003
   6.0939000000000007E-002   4.6910939071782617E-003   4.3762322709745274E-003
   6.1938000000000007E-002   4.7635940626488899E-003   4.4462721682945513E-003
   6.2937000000000007E-002   4.8358069756161944E-003   4.5161422025831672E-003
   6.3936000000000007E-002   4.9077261524797062E-003   4.5858370316875776E-003
   6.4935000000000007E-002   4.9793451454543817E-003   4.6553513351820508E-003
   6.5934000000000006E-002   5.0506575538997829E-003   4.7246798153314454E-003
   6.6933000000000006E-002   5.1216570256286493E-003   4.7938171980454964E-003
   6.7932000000000006E-002   5.1923372581953444E-003   4.8627582338230425E-003
   6.8931000000000006E-002   5.2626920001627026E-003   4.9314976986869520E-003
   6.9930000000000006E-002   5.3327150523478839E-003   5.0000303951082334E-003
   7.0929000000000006E-002   5.4024002690462869E-003   5.0683511529202889E-003
   7.1928000000000006E-002   5.4717415592333814E-003   5.1364548302219575E-003
   7.2927000000000006E-002   5.5407328877443004E-003   5.2043363142701554E-003
   7.3926000000000006E-002   5.6093682764304428E-003   5.2719905223609712E-003
   7.4925000000000005E-002   5.6776418052934194E-003   5.3394124026997459E-003
   7.5924000000000005E-002   5.7455476135955539E-003   5.4065969352590530E-003
   7.6923000000000005E-002   5.8130799009468333E-003   5.4735391326255871E-003
   7.7922000000000005E-002   5.8802329283682651E-003   5.5402340408342177E-003
   7.8921000000000005E-002   5.9470010193310562E-003   5.6066767401906827E-003
   7.9920000000000005E-002   6.0133785607717283E-003   5.6728623460812486E-003
   8.0919000000000005E-002   6.0793600040827261E-003   5.7387860097699176E-003
   8.1918000000000005E-002   6.1449398660785573E-003   5.8044429191831410E-003
   8.2917000000000005E-002   6.2101127299370607E-003   5.8698282996813116E-003
   8.3916000000000004E-002   6.2748732461157261E-003   5.9349374148172721E-003
   8.4915000000000004E-002   6.3392161332431760E-003   5.9997655670815699E-003
   8.5914000000000004E-002   6.4031361789851507E-003   6.0643080986342484E-003
   8.6913000000000004E-002   6.4666282408854326E-003   6.1285603920232532E-003
   8.7912000000000004E-002   6.5296872471812470E-003   6.1925178708889562E-003
   8.8911000000000004E-002   6.5923081975932983E-003   6.2561760006547978E-003
   8.9910000000000004E-002   6.6544861640899233E-003   6.3195302892044593E-003
   9.0909000000000004E-002   6.7162162916261404E-003   6.3825762875445446E-003
   9.1908000000000004E-002   6.7774937988565017E-003   6.4453095904531211E-003
   9.2907000000000003E-002   6.8383139788226587E-003   6.5077258371143178E-003
   9.3906000000000003E-002   6.8986721996148305E-003   6.5698207117382288E-003
   9.4905000000000003E-002   6.9585639050080460E-003   6.6315899441667884E-003
   9.5904000000000017E-002   7.0179846150720008E-003   6.6930293104644845E-003
   9.6903000000000017E-002   7.0769299267558396E-003   6.7541346334953388E-003
   9.7902000000000017E-002   7.1353955144469582E-003   6.8149017834843433E-003
   9.8901000000000017E-002   7.1933771305040632E-003   6.8753266785651010E-003
   9.9900000000000017E-002   7.2508706057649265E-003   6.9354052853117503E-003
  0.10089900000000002        7.3078718500285515E-003   6.9951336192569016E-003
  0.10189800000000002        7.3643768525117146E-003   7.0545077453941611E-003
  0.10289700000000002        7.4203816822803583E-003   7.1135237786661646E-003
  0.10389600000000002        7.4758824886558117E-003   7.1721778844374140E-003
  0.10489500000000002        7.5308755015955258E-003   7.2304662789523244E-003
  0.10589400000000002        7.5853570320492314E-003   7.2883852297783202E-003
  0.10689300000000002        7.6393234722897819E-003   7.3459310562339350E-003
  0.10789200000000002        7.6927712962197685E-003   7.4031001298019350E-003
  0.10889100000000002        7.7456970596529477E-003   7.4598888745278646E-003
  0.10989000000000002        7.7980974005716014E-003   7.5162937674027918E-003
  0.11088900000000002        7.8499690393597655E-003   7.5723113387322358E-003
  0.11188800000000002        7.9013087790119532E-003   7.6279381724893621E-003
  0.11288700000000002        7.9521135053183100E-003   7.6831709066535079E-003
  0.11388600000000001        8.0023801870259519E-003   7.7380062335342704E-003
  0.11488500000000001        8.0521058759767949E-003   7.7924409000801973E-003
  0.11588400000000001        8.1012877072221424E-003   7.8464717081732395E-003
  0.11688300000000001        8.1499228991142730E-003   7.9000955149080010E-003
  0.11788200000000001        8.1980087533749246E-003   7.9533092328570049E-003
  0.11888100000000001        8.2455426551416335E-003   8.0061098303206134E-003
  0.11988000000000001        8.2925220729911549E-003   8.0584943315630802E-003
  0.12087900000000001        8.3389445589412987E-003   8.1104598170336512E-003
  0.12187800000000001        8.3848077484304645E-003   8.1620034235737361E-003
  0.12287700000000001        8.4301093602759877E-003   8.2131223446093651E-003
  0.12387600000000001        8.4748471966107977E-003   8.2638138303297720E-003
  0.12487500000000001        8.5190191427992872E-003   8.3140751878516845E-003
  0.12587400000000001        8.5626231673321344E-003   8.3639037813695184E-003
  0.12687300000000001        8.6056573217008700E-003   8.4132970322918117E-003
  0.12787200000000001        8.6481197402522719E-003   8.4622524193637572E-003
  0.12887100000000001        8.6900086400224143E-003   8.5107674787759640E-003
  0.12987000000000001        8.7313223205516492E-003   8.5588398042596991E-003
  0.13086900000000001        8.7720591636798600E-003   8.6064670471684666E-003
  0.13186800000000001        8.8122176333228983E-003   8.6536469165463641E-003
  0.13286700000000001        8.8517962752303770E-003   8.7003771791830092E-003
  0.13386600000000001        8.8907937167246598E-003   8.7466556596556295E-003
  0.13486500000000001        8.9292086664223454E-003   8.7924802403576766E-003
  0.13586400000000001        8.9670399139376387E-003   8.8378488615149745E-003
  0.13686300000000001        9.0042863295681699E-003   8.8827595211889362E-003
  0.13786200000000001        9.0409468639641253E-003   8.9272102752670206E-003
  0.13886100000000001        9.0770205477800625E-003   8.9711992374410625E-003
  0.13986000000000001        9.1125064913107814E-003   9.0147245791728624E-003
  0.14085900000000001        9.1474038841104777E-003   9.0577845296480330E-003
  0.14185800000000001        9.1817119945967491E-003   9.1003773757173875E-003
  0.14285700000000001        9.2154301696384319E-003   9.1425014618267079E-003
  0.14385600000000001        9.2485578341288885E-003   9.1841551899345380E-003
  0.14485500000000001        9.2810944905440621E-003   9.2253370194187931E-003
  0.14585400000000001        9.3130397184862709E-003   9.2660454669712990E-003
  0.14685300000000001        9.3443931742138147E-003   9.3062791064818778E-003
  0.14785200000000001        9.3751545901568107E-003   9.3460365689104468E-003
  0.14885100000000001        9.4053237744194020E-003   9.3853165421489276E-003
  0.14985000000000001        9.4349006102690987E-003   9.4241177708718413E-003
  0.15084900000000001        9.4638850556129379E-003   9.4624390563766165E-003
  0.15184800000000001        9.4922771424616071E-003   9.5002792564130561E-003
  0.15284700000000001        9.5200769763812247E-003   9.5376372850032743E-003
  0.15384600000000001        9.5472847359331873E-003   9.5745121122503933E-003
  0.15484500000000001        9.5739006721028003E-003   9.6109027641383127E-003
  0.15584400000000001        9.5999251077167856E-003   9.6468083223212476E-003
  0.15684300000000001        9.6253584368495883E-003   9.6822279239035386E-003
  0.15784200000000001        9.6502011242197497E-003   9.7171607612105068E-003
  0.15884100000000001        9.6744537045759214E-003   9.7516060815492564E-003
  0.15984000000000001        9.6981167820728489E-003   9.7855631869616308E-003
  0.16083900000000001        9.7211910296381744E-003   9.8190314339667017E-003
  0.16183800000000001        9.7436771883299429E-003   9.8520102332960036E-003
  0.16283700000000001        9.7655760666851572E-003   9.8844990496192772E-003
  0.16383600000000001        9.7868885400601308E-003   9.9164974012621986E-003
  0.16483500000000001        9.8076155499622238E-003   9.9480048599156178E-003
  0.16583400000000001        9.8277581033739819E-003   9.9790210503373084E-003
  0.16683300000000001        9.8473172720693961E-003   1.0009545650045434E-002
  0.16783200000000001        9.8662941919232076E-003   1.0039578389004315E-002
  0.16883100000000001        9.8846900622132864E-003   1.0069119049303011E-002
  0.16983000000000001        9.9025061449156734E-003   1.0098167464826443E-002
  0.17082900000000001        9.9197437639942550E-003   1.0126723520919111E-002
  0.17182800000000001        9.9364043046834896E-003   1.0154787154042591E-002
  0.17282700000000001        9.9524892127659022E-003   1.0182358351425164E-002
  0.17382600000000001        9.9679999938438648E-003   1.0209437150705722E-002
  0.17482500000000001        9.9829382126063407E-003   1.0236023639571074E-002
  0.17582400000000001        9.9973054920904376E-003   1.0262117955386670E-002
  0.17682300000000001        1.0011103512938666E-002   1.0287720284821203E-002
  0.17782200000000001        1.0024334012651737E-002   1.0312830863466202E-002
  0.17882100000000001        1.0036998784837183E-002   1.0337449975448276E-002
  0.17982000000000001        1.0049099678454283E-002   1.0361577953037467E-002
  0.18081900000000001        1.0060638597055391E-002   1.0385215176248941E-002
  0.18181800000000001        1.0071617498024163E-002   1.0408362072440464E-002
  0.18281700000000001        1.0082038391810572E-002   1.0431019115903804E-002
  0.18381600000000001        1.0091903341163213E-002   1.0453186827451949E-002
  0.18481500000000001        1.0101214460359439E-002   1.0474865774001241E-002
  0.18581400000000001        1.0109973914432505E-002   1.0496056568149477E-002
  0.18681300000000001        1.0118183918397637E-002   1.0516759867748669E-002
  0.18781200000000001        1.0125846736475794E-002   1.0536976375474618E-002
  0.18881100000000001        1.0132964681315788E-002   1.0556706838391645E-002
  0.18981000000000001        1.0139540113215681E-002   1.0575952047513734E-002
  0.19080900000000001        1.0145575439342422E-002   1.0594712837361799E-002
  0.19180800000000003        1.0151073112951600E-002   1.0612990085517745E-002
  0.19280700000000003        1.0156035632605372E-002   1.0630784712174267E-002
  0.19380600000000003        1.0160465541391148E-002   1.0648097679682377E-002
  0.19480500000000003        1.0164365426139455E-002   1.0664929992094877E-002
  0.19580400000000003        1.0167737916642086E-002   1.0681282694707453E-002
  0.19680300000000003        1.0170585684870261E-002   1.0697156873596824E-002
  0.19780200000000003        1.0172911444193631E-002   1.0712553655155924E-002
  0.19880100000000003        1.0174717948599504E-002   1.0727474205627035E-002
  0.19980000000000003        1.0176007991913313E-002   1.0741919730631714E-002
  0.20079900000000003        1.0176784407019737E-002   1.0755891474699825E-002
  0.20179800000000003        1.0177050065085420E-002   1.0769390720795016E-002
  0.20279700000000003        1.0176807874782760E-002   1.0782418789838967E-002
  0.20379600000000003        1.0176060781515530E-002   1.0794977040233952E-002
  0.20479500000000003        1.0174811766646079E-002   1.0807066867383282E-002
  0.20579400000000003        1.0173063846724669E-002   1.0818689703210376E-002
  0.20679300000000003        1.0170820072720630E-002   1.0829847015676708E-002
  0.20779200000000003        1.0168083529256165E-002   1.0840540308297640E-002
  0.20879100000000003        1.0164857333842068E-002   1.0850771119658100E-002
  0.20979000000000003        1.0161144636116599E-002   1.0860541022926620E-002
  0.21078900000000003        1.0156948617086490E-002   1.0869851625368418E-002
  0.21178800000000003        1.0152272488371349E-002   1.0878704567858282E-002
  0.21278700000000003        1.0147119491450852E-002   1.0887101524392004E-002
  0.21378600000000003        1.0141492896914954E-002   1.0895044201597764E-002
  0.21478500000000003        1.0135396003717725E-002   1.0902534338247243E-002
  0.21578400000000003        1.0128832138434312E-002   1.0909573704765725E-002
  0.21678300000000003        1.0121804654521697E-002   1.0916164102742761E-002
  0.21778200000000003        1.0114316931583068E-002   1.0922307364442522E-002
  0.21878100000000003        1.0106372374635764E-002   1.0928005352313797E-002
  0.21978000000000003        1.0097974413383655E-002   1.0933259958500668E-002
  0.22077900000000003        1.0089126501493014E-002   1.0938073104353298E-002
  0.22177800000000003        1.0079832115872977E-002   1.0942446739938492E-002
  0.22277700000000003        1.0070094755959951E-002   1.0946382843551894E-002
  0.22377600000000003        1.0059917943006627E-002   1.0949883421229408E-002
  0.22477500000000003        1.0049305219375309E-002   1.0952950506260276E-002
  0.22577400000000003        1.0038260147835959E-002   1.0955586158700455E-002
  0.22677300000000003        1.0026786310868488E-002   1.0957792464886941E-002
  0.22777200000000003        1.0014887309970641E-002   1.0959571536952787E-002
  0.22877100000000003        1.0002566764969687E-002   1.0960925512343849E-002
  0.22977000000000003        9.9898283133399296E-003   1.0961856553335654E-002
  0.23076900000000003        9.9766756095245740E-003   1.0962366846552447E-002
  0.23176800000000003        9.9631123242631767E-003   1.0962458602486758E-002
  0.23276700000000003        9.9491421439238843E-003   1.0962134055020974E-002
  0.23376600000000003        9.9347687698411111E-003   1.0961395460949784E-002
  0.23476500000000003        9.9199959176584987E-003   1.0960245099504825E-002
  0.23576400000000003        9.9048273166772085E-003   1.0958685271880143E-002
  0.23676300000000003        9.8892667092095911E-003   1.0956718300760280E-002
  0.23776200000000003        9.8733178499386086E-003   1.0954346529849149E-002
  0.23876100000000003        9.8569845052824921E-003   1.0951572323401744E-002
  0.23976000000000003        9.8402704527650615E-003   1.0948398065756948E-002
  0.24075900000000003        9.8231794803920608E-003   1.0944826160872603E-002
  0.24175800000000003        9.8057153860328511E-003   1.0940859031863133E-002
  0.24275700000000003        9.7878819768078690E-003   1.0936499120538287E-002
  0.24375600000000003        9.7696830684819505E-003   1.0931748886944925E-002
  0.24475500000000003        9.7511224848639399E-003   1.0926610808910745E-002
  0.24575400000000003        9.7322040572113116E-003   1.0921087381590172E-002
  0.24675300000000003        9.7129316236415145E-003   1.0915181117012958E-002
  0.24775200000000003        9.6933090285488081E-003   1.0908894543634740E-002
  0.24875100000000003        9.6733401220274254E-003   1.0902230205890567E-002
  0.24975000000000003        9.6530287593005193E-003   1.0895190663750734E-002
  0.25074900000000000        9.6323788001553123E-003   1.0887778492279064E-002
  0.25174800000000003        9.6113941083840193E-003   1.0879996281194109E-002
  0.25274700000000000        9.5900785512315345E-003   1.0871846634432818E-002
  0.25374600000000003        9.5684359988485665E-003   1.0863332169717112E-002
  0.25474500000000000        9.5464703237512927E-003   1.0854455518123090E-002
  0.25574400000000003        9.5241854002869834E-003   1.0845219323653017E-002
  0.25674300000000005        9.5015851041061004E-003   1.0835626242810722E-002
  0.25774200000000003        9.4786733116402257E-003   1.0825678944178841E-002
  0.25874100000000005        9.4554538995865571E-003   1.0815380108000244E-002
  0.25974000000000003        9.4319307443982564E-003   1.0804732425761554E-002
  0.26073900000000005        9.4081077217813038E-003   1.0793738599780032E-002
  0.26173800000000003        9.3839887061975616E-003   1.0782401342793554E-002
  0.26273700000000005        9.3595775703739469E-003   1.0770723377553569E-002
  0.26373600000000003        9.3348781848179262E-003   1.0758707436421299E-002
  0.26473500000000005        9.3098944173391658E-003   1.0746356260967233E-002
  0.26573400000000003        9.2846301325776818E-003   1.0733672601573149E-002
  0.26673300000000005        9.2590891915379780E-003   1.0720659217038419E-002
  0.26773200000000003        9.2332754511293656E-003   1.0707318874188718E-002
  0.26873100000000005        9.2071927637127869E-003   1.0693654347488184E-002
  0.26973000000000003        9.1808449766537809E-003   1.0679668418655291E-002
  0.27072900000000005        9.1542359318814524E-003   1.0665363876281591E-002
  0.27172800000000003        9.1273694654539911E-003   1.0650743515453937E-002
  0.27272700000000005        9.1002494071299733E-003   1.0635810137380129E-002
  0.27372600000000002        9.0728795799465082E-003   1.0620566549018055E-002
  0.27472500000000005        9.0452637998027028E-003   1.0605015562708072E-002
  0.27572400000000002        9.0174058750500351E-003   1.0589159995808719E-002
  0.27672300000000005        8.9893096060883124E-003   1.0573002670336411E-002
  0.27772200000000002        8.9609787849684597E-003   1.0556546412607695E-002
  0.27872100000000005        8.9324171950004062E-003   1.0539794052886060E-002
  0.27972000000000002        8.9036286103681209E-003   1.0522748425031281E-002
  0.28071900000000005        8.8746167957500545E-003   1.0505412366152843E-002
  0.28171800000000002        8.8453855059456438E-003   1.0487788716266801E-002
  0.28271700000000005        8.8159384855083980E-003   1.0469880317956003E-002
  0.28371600000000002        8.7862794683842629E-003   1.0451690016033979E-002
  0.28471500000000005        8.7564121775565214E-003   1.0433220657212182E-002
  0.28571400000000002        8.7263403246963592E-003   1.0414475089771159E-002
  0.28671300000000005        8.6960676098194675E-003   1.0395456163234978E-002
  0.28771200000000002        8.6655977209486035E-003   1.0376166728049174E-002
  0.28871100000000005        8.6349343337817734E-003   1.0356609635262741E-002
  0.28971000000000002        8.6040811113666221E-003   1.0336787736212931E-002
  0.29070900000000005        8.5730417037805269E-003   1.0316703882214531E-002
  0.29170800000000002        8.5418197478161796E-003   1.0296360924251836E-002
  0.29270700000000005        8.5104188666733274E-003   1.0275761712674702E-002
  0.29370600000000002        8.4788426696560740E-003   1.0254909096898523E-002
  0.29470500000000005        8.4470947518759162E-003   1.0233805925106847E-002
  0.29570400000000002        8.4151786939603169E-003   1.0212455043958306E-002
  0.29670300000000005        8.3830980617670987E-003   1.0190859298297108E-002
  0.29770200000000002        8.3508564061043206E-003   1.0169021530866667E-002
  0.29870100000000005        8.3184572624557754E-003   1.0146944582027256E-002
  0.29970000000000002        8.2859041507118408E-003   1.0124631289476899E-002
  0.30069900000000005        8.2532005749061423E-003   1.0102084487976172E-002
  0.30169800000000002        8.2203500229572797E-003   1.0079307009076272E-002
  0.30269700000000005        8.1873559664164697E-003   1.0056301680850780E-002
  0.30369600000000002        8.1542218602199696E-003   1.0033071327630911E-002
  0.30469500000000005        8.1209511424473017E-003   1.0009618769744396E-002
  0.30569400000000002        8.0875472340847035E-003   9.9859468232578966E-003
  0.30669300000000005        8.0540135387936647E-003   9.9620582997228084E-003
  0.30769200000000002        8.0203534426848671E-003   9.9379560059249077E-003
  0.30869100000000005        7.9865703140972188E-003   9.9136427436368833E-003
  0.30969000000000002        7.9526675033821607E-003   9.8891213093751460E-003
  0.31068900000000005        7.9186483426928883E-003   9.8643944941596336E-003
  0.31168800000000002        7.8845161457788346E-003   9.8394650832772084E-003
  0.31268700000000005        7.8502742077851250E-003   9.8143358560484756E-003
  0.31368600000000002        7.8159258050569860E-003   9.7890095855982812E-003
  0.31468500000000005        7.7814741949490656E-003   9.7634890386293065E-003
  0.31568400000000002        7.7469226156398107E-003   9.7377769751994629E-003
  0.31668300000000005        7.7122742859506129E-003   9.7118761485022066E-003
  0.31768200000000002        7.6775324051697284E-003   9.6857893046510043E-003
  0.31868100000000005        7.6427001528811102E-003   9.6595191824663910E-003
  0.31968000000000002        7.6077806887979134E-003   9.6330685132668802E-003
  0.32067900000000005        7.5727771526006935E-003   9.6064400206632723E-003
  0.32167800000000002        7.5376926637802334E-003   9.5796364203557857E-003
  0.32267700000000005        7.5025303214851869E-003   9.5526604199352456E-003
  0.32367600000000002        7.4672932043739672E-003   9.5255147186871416E-003
  0.32467500000000005        7.4319843704714166E-003   9.4982020073987785E-003
  0.32567400000000002        7.3966068570299045E-003   9.4707249681704291E-003
  0.32667300000000005        7.3611636803948607E-003   9.4430862742289727E-003
  0.32767200000000002        7.3256578358746804E-003   9.4152885897452309E-003
  0.32867100000000005        7.2900922976150495E-003   9.3873345696543330E-003
  0.32967000000000002        7.2544700184775605E-003   9.3592268594795882E-003
  0.33066900000000005        7.2187939299225724E-003   9.3309680951590424E-003
  0.33166800000000002        7.1830669418964368E-003   9.3025609028757356E-003
  0.33266700000000005        7.1472919427226240E-003   9.2740078988905322E-003
  0.33366600000000002        7.1114717989974111E-003   9.2453116893788465E-003
  0.33466500000000005        7.0756093554893186E-003   9.2164748702695896E-003
  0.33566400000000002        7.0397074350426730E-003   9.1875000270881940E-003
  0.33666300000000005        7.0037688384854569E-003   9.1583897348016426E-003
  0.33766200000000002        6.9677963445407953E-003   9.1291465576673336E-003
  0.33866100000000005        6.9317927097425182E-003   9.0997730490849950E-003
  0.33966000000000002        6.8957606683546007E-003   9.0702717514508108E-003
  0.34065900000000005        6.8597029322945710E-003   9.0406451960156030E-003
  0.34165800000000002        6.8236221910604805E-003   9.0108959027450850E-003
  0.34265700000000004        6.7875211116618147E-003   8.9810263801836081E-003
  0.34365600000000002        6.7514023385540911E-003   8.9510391253206905E-003
  0.34465500000000004        6.7152684935771157E-003   8.9209366234603172E-003
  0.34565400000000002        6.6791221758968579E-003   8.8907213480933708E-003
  0.34665300000000004        6.6429659619510395E-003   8.8603957607726914E-003
  0.34765200000000002        6.6068024053980321E-003   8.8299623109911584E-003
  0.34865100000000004        6.5706340370694991E-003   8.7994234360623761E-003
  0.34965000000000002        6.5344633649264570E-003   8.7687815610044476E-003
  0.35064900000000004        6.4982928740186692E-003   8.7380390984262615E-003
  0.35164800000000002        6.4621250264475108E-003   8.7071984484167093E-003
  0.35264700000000004        6.4259622613320813E-003   8.6762619984364873E-003
  0.35364600000000002        6.3898069947788171E-003   8.6452321232127951E-003
  0.35464500000000004        6.3536616198541290E-003   8.6141111846363954E-003
  0.35564400000000002        6.3175285065604605E-003   8.5829015316618209E-003
  0.35664300000000004        6.2814100018153554E-003   8.5516055002097004E-003
  0.35764200000000002        6.2453084294337531E-003   8.5202254130720932E-003
  0.35864100000000004        6.2092260901135087E-003   8.4887635798202264E-003
  0.35964000000000002        6.1731652614236288E-003   8.4572222967148006E-003
  0.36063900000000004        6.1371281977959675E-003   8.4256038466190026E-003
  0.36163800000000001        6.1011171305194421E-003   8.3939104989137776E-003
  0.36263700000000004        6.0651342677377068E-003   8.3621445094159714E-003
  0.36363600000000001        6.0291817944491399E-003   8.3303081202985695E-003
  0.36463500000000004        5.9932618725101784E-003   8.2984035600135297E-003
  0.36563400000000001        5.9573766406413042E-003   8.2664330432172563E-003
  0.36663300000000004        5.9215282144357319E-003   8.2343987706981845E-003
  0.36763200000000001        5.8857186863709113E-003   8.2023029293069212E-003
  0.36863100000000004        5.8499501258227832E-003   8.1701476918887052E-003
  0.36963000000000001        5.8142245790826982E-003   8.1379352172182024E-003
  0.37062900000000004        5.7785440693767674E-003   8.1056676499365321E-003
  0.37162800000000001        5.7429105968881556E-003   8.0733471204908949E-003
  0.37262700000000004        5.7073261387816550E-003   8.0409757450761489E-003
  0.37362600000000001        5.6717926492308307E-003   8.0085556255786398E-003
  0.37462500000000004        5.6363120594477593E-003   7.9760888495226060E-003
  0.37562400000000001        5.6008862777150890E-003   7.9435774900182207E-003
  0.37662300000000004        5.5655171894205321E-003   7.9110236057124712E-003
  0.37762200000000001        5.5302066570938214E-003   7.8784292407417106E-003
  0.37862100000000004        5.4949565204458041E-003   7.8457964246864114E-003
  0.37962000000000001        5.4597685964101325E-003   7.8131271725283939E-003
  0.38061900000000004        5.4246446791868701E-003   7.7804234846094774E-003
  0.38161800000000001        5.3895865402886402E-003   7.7476873465929189E-003
  0.38261700000000004        5.3545959285887469E-003   7.7149207294264378E-003
  0.38361600000000007        5.3196745703715321E-003   7.6821255893073292E-003
  0.38461500000000004        5.2848241693849111E-003   7.6493038676498180E-003
  0.38561400000000007        5.2500464068949027E-003   7.6164574910539450E-003
  0.38661300000000004        5.2153429417422749E-003   7.5835883712768969E-003
  0.38761200000000007        5.1807154104011738E-003   7.5506984052059918E-003
  0.38861100000000004        5.1461654270397528E-003   7.5177894748334638E-003
  0.38961000000000007        5.1116945835828036E-003   7.4848634472335701E-003
  0.39060900000000004        5.0773044497761819E-003   7.4519221745410367E-003
  0.39160800000000007        5.0429965732532523E-003   7.4189674939316762E-003
  0.39260700000000004        5.0087724796031114E-003   7.3860012276047975E-003
  0.39360600000000007        4.9746336724406743E-003   7.3530251827673490E-003
  0.39460500000000004        4.9405816334784983E-003   7.3200411516198003E-003
  0.39560400000000007        4.9066178226003796E-003   7.2870509113439445E-003
  0.39660300000000004        4.8727436779367733E-003   7.2540562240921086E-003
  0.39760200000000007        4.8389606159416568E-003   7.2210588369785904E-003
  0.39860100000000004        4.8052700314714161E-003   7.1880604820722151E-003
  0.39960000000000007        4.7716732978650049E-003   7.1550628763910572E-003
  0.40059900000000004        4.7381717670259326E-003   7.1220677218984049E-003
  0.40159800000000007        4.7047667695057430E-003   7.0890767055006611E-003
  0.40259700000000004        4.6714596145890283E-003   7.0560914990467436E-003
  0.40359600000000007        4.6382515903799770E-003   7.0231137593289210E-003
  0.40459500000000004        4.6051439638903711E-003   6.9901451280854092E-003
  0.40559400000000007        4.5721379811290413E-003   6.9571872320045771E-003
  0.40659300000000004        4.5392348671927851E-003   6.9242416827303664E-003
  0.40759200000000007        4.5064358263585541E-003   6.8913100768695475E-003
  0.40859100000000004        4.4737420421771847E-003   6.8583939960001295E-003
  0.40959000000000007        4.4411546775682872E-003   6.8254950066816743E-003
  0.41058900000000004        4.4086748749165711E-003   6.7926146604665371E-003
  0.41158800000000006        4.3763037561693309E-003   6.7597544939129164E-003
  0.41258700000000004        4.3440424229352504E-003   6.7269160285991910E-003
  0.41358600000000006        4.3118919565844410E-003   6.6941007711395443E-003
  0.41458500000000004        4.2798534183496459E-003   6.6613102132011201E-003
  0.41558400000000006        4.2479278494285538E-003   6.6285458315223141E-003
  0.41658300000000004        4.2161162710873668E-003   6.5958090879326805E-003
  0.41758200000000006        4.1844196847654249E-003   6.5631014293738577E-003
  0.41858100000000004        4.1528390721808335E-003   6.5304242879218669E-003
  0.41958000000000006        4.1213753954373001E-003   6.4977790808107769E-003
  0.42057900000000004        4.0900295971319231E-003   6.4651672104575775E-003
  0.42157800000000006        4.0588026004639462E-003   6.4325900644881329E-003
  0.42257700000000004        4.0276953093445729E-003   6.4000490157645491E-003
  0.42357600000000006        3.9967086085077605E-003   6.3675454224136237E-003
  0.42457500000000004        3.9658433636217804E-003   6.3350806278565644E-003
  0.42557400000000006        3.9351004214018609E-003   6.3026559608395745E-003
  0.42657300000000004        3.9044806097236961E-003   6.2702727354660495E-003
  0.42757200000000006        3.8739847377376457E-003   6.2379322512295336E-003
  0.42857100000000004        3.8436135959839545E-003   6.2056357930477049E-003
  0.42957000000000006        3.8133679565086980E-003   6.1733846312980222E-003
  0.43056900000000004        3.7832485729805535E-003   6.1411800218535307E-003
  0.43156800000000006        3.7532561808082303E-003   6.1090232061206066E-003
  0.43256700000000003        3.7233914972587901E-003   6.0769154110771823E-003
  0.43356600000000006        3.6936552215765797E-003   6.0448578493120953E-003
  0.43456500000000003        3.6640480351028343E-003   6.0128517190655949E-003
  0.43556400000000006        3.6345706013960785E-003   5.9808982042706448E-003
  0.43656300000000003        3.6052235663530064E-003   5.9489984745952438E-003
  0.43756200000000006        3.5760075583301724E-003   5.9171536854857078E-003
  0.43856100000000003        3.5469231882660989E-003   5.8853649782109520E-003
  0.43956000000000006        3.5179710498041117E-003   5.8536334799074658E-003
  0.44055900000000003        3.4891517194156388E-003   5.8219603036254444E-003
  0.44155800000000006        3.4604657565241270E-003   5.7903465483755863E-003
  0.44255700000000003        3.4319137036294004E-003   5.7587932991769548E-003
  0.44355600000000006        3.4034960864325614E-003   5.7273016271054550E-003
  0.44455500000000003        3.3752134139614148E-003   5.6958725893433105E-003
  0.44555400000000006        3.3470661786961634E-003   5.6645072292293664E-003
  0.44655300000000003        3.3190548566958151E-003   5.6332065763100249E-003
  0.44755200000000006        3.2911799077247712E-003   5.6019716463911635E-003
  0.44855100000000003        3.2634417753798993E-003   5.5708034415906686E-003
  0.44955000000000006        3.2358408872180345E-003   5.5397029503918204E-003
  0.45054900000000003        3.2083776548837350E-003   5.5086711476973480E-003
  0.45154800000000006        3.1810524742374234E-003   5.4777089948842778E-003
  0.45254700000000003        3.1538657254839195E-003   5.4468174398594063E-003
  0.45354600000000006        3.1268177733011046E-003   5.4159974171155562E-003
  0.45454500000000003        3.0999089669690337E-003   5.3852498477884132E-003
  0.45554400000000006        3.0731396404992018E-003   5.3545756397140928E-003
  0.45654300000000003        3.0465101127641688E-003   5.3239756874874002E-003
  0.45754200000000006        3.0200206876272177E-003   5.2934508725205652E-003
  0.45854100000000003        2.9936716540724952E-003   5.2630020631027914E-003
  0.45954000000000006        2.9674632863350495E-003   5.2326301144603061E-003
  0.46053900000000003        2.9413958440312714E-003   5.2023358688169530E-003
  0.46153800000000006        2.9154695722894376E-003   5.1721201554554815E-003
  0.46253700000000003        2.8896847018802341E-003   5.1419837907793779E-003
  0.46353600000000006        2.8640414493476957E-003   5.1119275783752067E-003
  0.46453500000000003        2.8385400171399905E-003   5.0819523090754369E-003
  0.46553400000000006        2.8131805937404212E-003   5.0520587610219572E-003
  0.46653300000000003        2.7879633537984940E-003   5.0222476997300158E-003
  0.46753200000000006        2.7628884582610244E-003   4.9925198781525454E-003
  0.46853100000000003        2.7379560545032757E-003   4.9628760367451735E-003
  0.46953000000000006        2.7131662764601624E-003   4.9333169035316489E-003
  0.47052900000000003        2.6885192447574451E-003   4.9038431941695812E-003
  0.47152800000000006        2.6640150668429024E-003   4.8744556120168623E-003
  0.47252700000000003        2.6396538371175437E-003   4.8451548481983587E-003
  0.47352600000000006        2.6154356370667107E-003   4.8159415816730463E-003
  0.47452500000000003        2.5913605353911997E-003   4.7868164793017027E-003
  0.47552400000000006        2.5674285881382764E-003   4.7577801959147112E-003
  0.47652300000000003        2.5436398388326582E-003   4.7288333743805699E-003
  0.47752200000000006        2.5199943186073408E-003   4.6999766456746689E-003
  0.47852100000000003        2.4964920463344080E-003   4.6712106289481274E-003
  0.47952000000000006        2.4731330287556317E-003   4.6425359315976572E-003
  0.48051900000000003        2.4499172606130305E-003   4.6139531493350275E-003
  0.48151800000000006        2.4268447247792159E-003   4.5854628662573265E-003
  0.48251700000000003        2.4039153923875660E-003   4.5570656549174613E-003
  0.48351600000000006        2.3811292229623466E-003   4.5287620763948362E-003
  0.48451500000000003        2.3584861645484945E-003   4.5005526803664235E-003
  0.48551400000000006        2.3359861538413160E-003   4.4724380051781518E-003
  0.48651300000000003        2.3136291163159384E-003   4.4444185779164563E-003
  0.48751200000000006        2.2914149663564938E-003   4.4164949144801860E-003
  0.48851100000000003        2.2693436073852008E-003   4.3886675196527876E-003
  0.48951000000000006        2.2474149319910135E-003   4.3609368871746048E-003
  0.49050900000000003        2.2256288220581896E-003   4.3333034998155615E-003
  0.49150800000000006        2.2039851488945029E-003   4.3057678294478987E-003
  0.49250700000000003        2.1824837733591383E-003   4.2783303371193623E-003
  0.49350600000000006        2.1611245459904152E-003   4.2509914731263280E-003
  0.49450500000000003        2.1399073071330862E-003   4.2237516770872894E-003
  0.49550400000000006        2.1188318870653828E-003   4.1966113780164882E-003
  0.49650300000000003        2.0978981061257462E-003   4.1695709943977569E-003
  0.49750200000000006        2.0771057748391847E-003   4.1426309342584055E-003
  0.49850100000000003        2.0564546940432960E-003   4.1157915952433656E-003
  0.49950000000000006        2.0359446550139797E-003   4.0890533646895126E-003
  0.50049900000000003        2.0155754395906732E-003   4.0624166196999312E-003
  0.50149800000000000        1.9953468203013705E-003   4.0358817272186194E-003
  0.50249700000000008        1.9752585604871087E-003   4.0094490441049619E-003
  0.50349600000000005        1.9553104144261176E-003   3.9831189172086154E-003
  0.50449500000000003        1.9355021274576017E-003   3.9568916834442913E-003
  0.50549400000000000        1.9158334361050195E-003   3.9307676698667185E-003
  0.50649300000000008        1.8963040681990288E-003   3.9047471937456641E-003
  0.50749200000000005        1.8769137429999376E-003   3.8788305626410442E-003
  0.50849100000000003        1.8576621713197500E-003   3.8530180744780784E-003
  0.50949000000000000        1.8385490556437111E-003   3.8273100176225467E-003
  0.51048900000000008        1.8195740902514526E-003   3.8017066709560145E-003
  0.51148800000000005        1.8007369613376582E-003   3.7762083039511716E-003
  0.51248700000000003        1.7820373471321902E-003   3.7508151767472139E-003
  0.51348600000000011        1.7634749180198445E-003   3.7255275402251682E-003
  0.51448500000000008        1.7450493366594664E-003   3.7003456360832593E-003
  0.51548400000000005        1.7267602581027442E-003   3.6752696969124315E-003
  0.51648300000000003        1.7086073299123021E-003   3.6502999462715820E-003
  0.51748200000000011        1.6905901922794563E-003   3.6254365987631251E-003
  0.51848100000000008        1.6727084781412976E-003   3.6006798601082241E-003
  0.51948000000000005        1.6549618132973602E-003   3.5760299272223021E-003
  0.52047900000000002        1.6373498165256886E-003   3.5514869882902539E-003
  0.52147800000000011        1.6198720996983603E-003   3.5270512228417691E-003
  0.52247700000000008        1.6025282678964899E-003   3.5027228018267307E-003
  0.52347600000000005        1.5853179195246452E-003   3.4785018876902162E-003
  0.52447500000000002        1.5682406464247204E-003   3.4543886344477739E-003
  0.52547400000000011        1.5512960339892023E-003   3.4303831877605241E-003
  0.52647300000000008        1.5344836612739324E-003   3.4064856850101249E-003
  0.52747200000000005        1.5178031011101774E-003   3.3826962553737813E-003
  0.52847100000000002        1.5012539202162213E-003   3.3590150198990597E-003
  0.52947000000000011        1.4848356793082463E-003   3.3354420915787030E-003
  0.53046900000000008        1.4685479332107582E-003   3.3119775754252849E-003
  0.53146800000000005        1.4523902309662383E-003   3.2886215685458031E-003
  0.53246700000000002        1.4363621159443095E-003   3.2653741602161790E-003
  0.53346600000000011        1.4204631259502293E-003   3.2422354319555937E-003
  0.53446500000000008        1.4046927933327688E-003   3.2192054576007110E-003
  0.53546400000000005        1.3890506450914694E-003   3.1962843033798496E-003
  0.53646300000000002        1.3735362029832243E-003   3.1734720279869137E-003
  0.53746200000000011        1.3581489836283101E-003   3.1507686826552582E-003
  0.53846100000000008        1.3428884986156832E-003   3.1281743112314448E-003
  0.53946000000000005        1.3277542546076678E-003   3.1056889502487227E-003
  0.54045900000000002        1.3127457534440050E-003   3.0833126290004944E-003
  0.54145800000000011        1.2978624922452104E-003   3.0610453696134961E-003
  0.54245700000000008        1.2831039635153006E-003   3.0388871871209807E-003
  0.54345600000000005        1.2684696552438400E-003   3.0168380895355387E-003
  0.54445500000000002        1.2539590510073143E-003   2.9948980779218484E-003
  0.54545400000000011        1.2395716300698406E-003   2.9730671464693391E-003
  0.54645300000000008        1.2253068674831977E-003   2.9513452825643935E-003
  0.54745200000000005        1.2111642341861685E-003   2.9297324668626657E-003
  0.54845100000000002        1.1971431971032002E-003   2.9082286733610606E-003
  0.54945000000000010        1.1832432192423873E-003   2.8868338694694098E-003
  0.55044900000000008        1.1694637597927477E-003   2.8655480160822405E-003
  0.55144800000000005        1.1558042742208260E-003   2.8443710676499924E-003
  0.55244700000000002        1.1422642143665575E-003   2.8233029722502770E-003
  0.55344600000000010        1.1288430285384889E-003   2.8023436716587929E-003
  0.55444500000000008        1.1155401616082400E-003   2.7814931014200780E-003
  0.55544400000000005        1.1023550551043100E-003   2.7607511909179868E-003
  0.55644300000000002        1.0892871473051117E-003   2.7401178634459456E-003
  0.55744200000000010        1.0763358733313865E-003   2.7195930362770636E-003
  0.55844100000000008        1.0635006652377976E-003   2.6991766207338300E-003
  0.55944000000000005        1.0507809521038830E-003   2.6788685222577731E-003
  0.56043900000000002        1.0381761601242824E-003   2.6586686404786917E-003
  0.56143800000000010        1.0256857126981894E-003   2.6385768692837258E-003
  0.56243700000000008        1.0133090305181702E-003   2.6185930968862124E-003
  0.56343600000000005        1.0010455316581566E-003   2.5987172058942040E-003
  0.56443500000000002        9.8889463166079933E-004   2.5789490733787168E-003
  0.56543400000000010        9.7685574362404212E-004   2.5592885709418240E-003
  0.56643300000000008        9.6492827828698947E-004   2.5397355647843491E-003
  0.56743200000000005        9.5311164411502204E-004   2.5202899157733731E-003
  0.56843100000000002        9.4140524738421118E-004   2.5009514795094737E-003
  0.56943000000000010        9.2980849226496302E-004   2.4817201063935665E-003
  0.57042900000000007        9.1832078090495954E-004   2.4625956416936224E-003
  0.57142800000000005        9.0694151351134887E-004   2.4435779256110233E-003
  0.57242700000000002        8.9567008843218095E-004   2.4246667933465905E-003
  0.57342600000000010        8.8450590223714595E-004   2.4058620751664225E-003
  0.57442500000000007        8.7344834979754280E-004   2.3871635964673454E-003
  0.57542400000000005        8.6249682436550959E-004   2.3685711778421003E-003
  0.57642300000000002        8.5165071765252889E-004   2.3500846351442485E-003
  0.57742200000000010        8.4090941990717721E-004   2.3317037795527766E-003
  0.57842100000000007        8.3027231999214645E-004   2.3134284176363307E-003
  0.57942000000000005        8.1973880546050469E-004   2.2952583514172461E-003
  0.58041900000000002        8.0930826263124586E-004   2.2771933784351498E-003
  0.58141800000000010        7.9898007666405349E-004   2.2592332918103765E-003
  0.58241700000000007        7.8875363163337050E-004   2.2413778803069698E-003
  0.58341600000000005        7.7862831060168528E-004   2.2236269283953630E-003
  0.58441500000000002        7.6860349569211059E-004   2.2059802163148594E-003
  0.58541400000000010        7.5867856816017824E-004   2.1884375201356365E-003
  0.58641300000000007        7.4885290846494785E-004   2.1709986118205243E-003
  0.58741200000000005        7.3912589633931016E-004   2.1536632592864019E-003
  0.58841100000000002        7.2949691085961229E-004   2.1364312264653363E-003
  0.58941000000000010        7.1996533051449331E-004   2.1193022733652961E-003
  0.59040900000000007        7.1053053327299674E-004   2.1022761561306064E-003
  0.59140800000000004        7.0119189665196219E-004   2.0853526271020217E-003
  0.59240700000000002        6.9194879778264416E-004   2.0685314348765074E-003
  0.59340600000000010        6.8280061347661826E-004   2.0518123243666252E-003
  0.59440500000000007        6.7374672029094106E-004   2.0351950368596087E-003
  0.59540400000000004        6.6478649459257219E-004   2.0186793100761729E-003
  0.59640300000000002        6.5591931262207399E-004   2.0022648782287602E-003
  0.59740200000000010        6.4714455055654328E-004   1.9859514720796979E-003
  0.59840100000000007        6.3846158457186942E-004   1.9697388189988843E-003
  0.59940000000000004        6.2986979090419481E-004   1.9536266430210717E-003
  0.60039900000000002        6.2136854591068229E-004   1.9376146649028988E-003
  0.60139800000000010        6.1295722612956995E-004   1.9217026021795662E-003
  0.60239700000000007        6.0463520833944917E-004   1.9058901692210557E-003
  0.60339600000000004        5.9640186961784246E-004   1.8901770772881434E-003
  0.60439500000000002        5.8825658739908304E-004   1.8745630345879209E-003
  0.60539400000000010        5.8019873953141861E-004   1.8590477463290623E-003
  0.60639300000000007        5.7222770433344641E-004   1.8436309147766357E-003
  0.60739200000000004        5.6434286064978583E-004   1.8283122393066844E-003
  0.60839100000000002        5.5654358790605777E-004   1.8130914164602937E-003
  0.60939000000000010        5.4882926616315079E-004   1.7979681399974336E-003
  0.61038900000000007        5.4119927617075913E-004   1.7829421009503633E-003
  0.61138800000000004        5.3365299942021674E-004   1.7680129876766785E-003
  0.61238700000000001        5.2618981819662995E-004   1.7531804859120227E-003
  0.61338600000000010        5.1880911563028439E-004   1.7384442788223999E-003
  0.61438500000000007        5.1151027574736652E-004   1.7238040470561559E-003
  0.61538400000000004        5.0429268351996680E-004   1.7092594687955773E-003
  0.61638300000000001        4.9715572491539669E-004   1.6948102198080933E-003
  0.61738200000000010        4.9009878694479493E-004   1.6804559734971821E-003
  0.61838100000000007        4.8312125771104850E-004   1.6661964009528341E-003
  0.61938000000000004        4.7622252645601327E-004   1.6520311710016848E-003
  0.62037900000000001        4.6940198360705034E-004   1.6379599502567789E-003
  0.62137800000000010        4.6265902082286592E-004   1.6239824031669342E-003
  0.62237700000000007        4.5599303103868087E-004   1.6100981920658005E-003
  0.62337600000000004        4.4940340851070066E-004   1.5963069772204502E-003
  0.62437500000000001        4.4288954885992059E-004   1.5826084168796973E-003
  0.62537400000000010        4.3645084911523896E-004   1.5690021673219665E-003
  0.62637300000000007        4.3008670775591793E-004   1.5554878829028603E-003
  0.62737200000000004        4.2379652475334678E-004   1.5420652161022743E-003
  0.62837100000000001        4.1757970161216009E-004   1.5287338175712143E-003
  0.62937000000000010        4.1143564141067694E-004   1.5154933361781996E-003
  0.63036900000000007        4.0536374884068456E-004   1.5023434190553097E-003
  0.63136800000000004        3.9936343024656176E-004   1.4892837116438529E-003
  0.63236700000000001        3.9343409366374556E-004   1.4763138577396386E-003
  0.63336600000000010        3.8757514885654425E-004   1.4634334995379558E-003
  0.63436500000000007        3.8178600735530474E-004   1.4506422776780663E-003
  0.63536400000000004        3.7606608249293299E-004   1.4379398312874127E-003
  0.63636300000000001        3.7041478944076700E-004   1.4253257980254299E-003
  0.63736200000000010        3.6483154524381394E-004   1.4127998141269687E-003
  0.63836100000000007        3.5931576885536080E-004   1.4003615144453495E-003
  0.63936000000000004        3.5386688117092403E-004   1.3880105324950705E-003
  0.64035900000000012        3.4848430506160719E-004   1.3757465004941196E-003
  0.64135800000000009        3.4316746540680968E-004   1.3635690494059217E-003
  0.64235700000000007        3.3791578912630927E-004   1.3514778089809181E-003
  0.64335600000000004        3.3272870521174893E-004   1.3394724077977628E-003
  0.64435500000000012        3.2760564475748099E-004   1.3275524733041741E-003
  0.64535400000000009        3.2254604099083150E-004   1.3157176318573892E-003
  0.64635300000000007        3.1754932930172280E-004   1.3039675087642578E-003
  0.64735200000000004        3.1261494727171621E-004   1.2923017283209765E-003
  0.64835100000000012        3.0774233470245039E-004   1.2807199138524512E-003
  0.64935000000000009        3.0293093364347338E-004   1.2692216877512946E-003
  0.65034900000000007        2.9818018841949609E-004   1.2578066715164167E-003
  0.65134800000000004        2.9348954565704556E-004   1.2464744857913186E-003
  0.65234700000000012        2.8885845431053398E-004   1.2352247504019626E-003
  0.65334600000000009        2.8428636568776026E-004   1.2240570843943257E-003
  0.65434500000000007        2.7977273347481600E-004   1.2129711060715146E-003
  0.65534400000000004        2.7531701376043070E-004   1.2019664330305956E-003
  0.65634300000000012        2.7091866505973963E-004   1.1910426821990267E-003
  0.65734200000000009        2.6657714833749864E-004   1.1801994698707294E-003
  0.65834100000000007        2.6229192703071955E-004   1.1694364117417742E-003
  0.65934000000000004        2.5806246707076567E-004   1.1587531229457612E-003
  0.66033900000000012        2.5388823690488424E-004   1.1481492180887801E-003
  0.66133800000000009        2.4976870751719011E-004   1.1376243112840721E-003
  0.66233700000000006        2.4570335244911151E-004   1.1271780161862667E-003
  0.66333600000000004        2.4169164781928635E-004   1.1168099460253094E-003
  0.66433500000000012        2.3773307234292593E-004   1.1065197136400295E-003
  0.66533400000000009        2.3382710735064477E-004   1.0963069315113282E-003
  0.66633300000000006        2.2997323680676510E-004   1.0861712117950320E-003
  0.66733200000000004        2.2617094732709056E-004   1.0761121663543775E-003
  0.66833100000000012        2.2241972819616785E-004   1.0661294067921664E-003
  0.66933000000000009        2.1871907138402738E-004   1.0562225444825473E-003
  0.67032900000000006        2.1506847156240979E-004   1.0463911906024557E-003
  0.67132800000000004        2.1146742612049294E-004   1.0366349561627102E-003
  0.67232700000000012        2.0791543518010880E-004   1.0269534520387475E-003
  0.67332600000000009        2.0441200161046643E-004   1.0173462890010275E-003
  0.67432500000000006        2.0095663104237256E-004   1.0078130777450723E-003
  0.67532400000000004        1.9754883188197566E-004   9.9835342892118698E-004
  0.67632300000000012        1.9418811532400670E-004   9.8896695316381023E-004
  0.67732200000000009        1.9087399536455362E-004   9.7965326112053777E-004
  0.67832100000000006        1.8760598881334783E-004   9.7041196348080698E-004
  0.67932000000000003        1.8438361530558482E-004   9.6124267100423575E-004
  0.68031900000000012        1.8120639731326931E-004   9.5214499454862535E-004
  0.68131800000000009        1.7807386015610335E-004   9.4311854509762161E-004
  0.68231700000000006        1.7498553201190722E-004   9.3416293378804709E-004
  0.68331600000000003        1.7194094392659274E-004   9.2527777193691083E-004
  0.68431500000000012        1.6893962982367680E-004   9.1646267106804070E-004
  0.68531400000000009        1.6598112651335277E-004   9.0771724293846052E-004
  0.68631300000000006        1.6306497370111985E-004   8.9904109956434207E-004
  0.68731200000000003        1.6019071399597342E-004   8.9043385324672169E-004
  0.68831100000000012        1.5735789291815828E-004   8.8189511659681461E-004
  0.68931000000000009        1.5456605890649844E-004   8.7342450256106723E-004
  0.69030900000000006        1.5181476332530063E-004   8.6502162444581623E-004
  0.69130800000000003        1.4910356047082851E-004   8.5668609594170256E-004
  0.69230700000000012        1.4643200757737579E-004   8.4841753114769220E-004
  0.69330600000000009        1.4379966482291654E-004   8.4021554459482914E-004
  0.69430500000000006        1.4120609533434865E-004   8.3207975126964328E-004
  0.69530400000000003        1.3865086519234001E-004   8.2400976663724393E-004
  0.69630300000000012        1.3613354343577173E-004   8.1600520666411862E-004
  0.69730200000000009        1.3365370206578890E-004   8.0806568784058306E-004
  0.69830100000000006        1.3121091604945888E-004   8.0019082720296562E-004
  0.69930000000000003        1.2880476332304751E-004   7.9238024235541663E-004
  0.70029900000000012        1.2643482479491238E-004   7.8463355149149491E-004
  0.70129800000000009        1.2410068434802078E-004   7.7695037341536362E-004
  0.70229700000000006        1.2180192884209228E-004   7.6933032756273468E-004
  0.70329600000000003        1.1953814811537719E-004   7.6177303402147898E-004
  0.70429500000000012        1.1730893498606793E-004   7.5427811355196855E-004
  0.70529400000000009        1.1511388525335472E-004   7.4684518760707538E-004
  0.70629300000000006        1.1295259769812134E-004   7.3947387835191013E-004
  0.70729200000000003        1.1082467408329844E-004   7.3216380868322344E-004
  0.70829100000000011        1.0872971915385885E-004   7.2491460224857263E-004
  0.70929000000000009        1.0666734063648386E-004   7.1772588346512387E-004
  0.71028900000000006        1.0463714923888196E-004   7.1059727753821505E-004
  0.71128800000000003        1.0263875864877900E-004   7.0352841047959175E-004
  0.71228700000000011        1.0067178553257860E-004   6.9651890912540205E-004
  0.71328600000000009        9.8735849533698186E-005   6.8956840115384744E-004
  0.71428500000000006        9.6830573270582663E-005   6.8267651510258776E-004
  0.71528400000000003        9.4955582334404142E-005   6.7584288038584697E-004
  0.71628300000000011        9.3110505286448934E-005   6.6906712731125374E-004
  0.71728200000000009        9.1294973655196788E-005   6.6234888709638343E-004
  0.71828100000000006        8.9508621933097319E-005   6.5568779188501965E-004
  0.71928000000000003        8.7751087573044920E-005   6.4908347476317415E-004
  0.72027900000000011        8.6022010984563002E-005   6.4253556977478320E-004
  0.72127800000000009        8.4321035529693602E-005   6.3604371193717066E-004
  0.72227700000000006        8.2647807518600500E-005   6.2960753725622596E-004
  0.72327600000000003        8.1001976204893498E-005   6.2322668274131059E-004
  0.72427500000000011        7.9383193780670094E-005   6.1690078641989327E-004
  0.72527400000000009        7.7791115371285795E-005   6.1062948735194505E-004
  0.72627300000000006        7.6225399029852437E-005   6.0441242564403632E-004
  0.72727200000000003        7.4685705731472970E-005   5.9824924246320373E-004
  0.72827100000000011        7.3171699367211070E-005   5.9213958005052236E-004
  0.72927000000000008        7.1683046737806643E-005   5.8608308173447080E-004
  0.73026900000000006        7.0219417547135105E-005   5.8007939194398264E-004
  0.73126800000000003        6.8780484395417266E-005   5.7412815622128615E-004
  0.73226700000000011        6.7365922772184446E-005   5.6822902123447486E-004
  0.73326600000000008        6.5975411049002186E-005   5.6238163478983054E-004
  0.73426500000000006        6.4608630471954133E-005   5.5658564584388961E-004
  0.73526400000000003        6.3265265153894661E-005   5.5084070451528674E-004
  0.73626300000000011        6.1945002066470317E-005   5.4514646209632479E-004
  0.73726200000000008        6.0647531031917086E-005   5.3950257106431267E-004
  0.73826100000000006        5.9372544714632565E-005   5.3390868509267924E-004
  0.73926000000000003        5.8119738612533965E-005   5.2836445906181832E-004
  0.74025900000000011        5.6888811048198573E-005   5.2286954906971778E-004
  0.74125800000000008        5.5679463159796980E-005   5.1742361244234980E-004
  0.74225700000000006        5.4491398891818323E-005   5.1202630774381769E-004
  0.74325600000000003        5.3324324985591050E-005   5.0667729478628693E-004
  0.74425500000000011        5.2177950969608607E-005   5.0137623463966739E-004
  0.74525400000000008        5.1051989149658357E-005   4.9612278964108667E-004
  0.74625300000000006        4.9946154598756952E-005   4.9091662340413266E-004
  0.74725200000000003        4.8860165146902274E-005   4.8575740082785546E-004
  0.74825100000000011        4.7793741370638024E-005   4.8064478810557149E-004
  0.74925000000000008        4.6746606582439567E-005   4.7557845273343553E-004
  0.75024900000000005        4.5718486819924160E-005   4.7055806351878901E-004
  0.75124800000000003        4.4709110834884871E-005   4.6558329058830460E-004
  0.75224700000000011        4.3718210082159518E-005   4.6065380539591266E-004
  0.75324600000000008        4.2745518708330775E-005   4.5576928073049502E-004
  0.75424500000000005        4.1790773540265145E-005   4.5092939072341210E-004
  0.75524400000000003        4.0853714073493711E-005   4.4613381085577091E-004
  0.75624300000000011        3.9934082460436883E-005   4.4138221796552230E-004
  0.75724200000000008        3.9031623498478792E-005   4.3667429025433892E-004
  0.75824100000000005        3.8146084617891833E-005   4.3200970729428739E-004
  0.75924000000000003        3.7277215869618190E-005   4.2738815003430498E-004
  0.76023900000000011        3.6424769912909335E-005   4.2280930080647674E-004
  0.76123800000000008        3.5588502002827652E-005   4.1827284333211586E-004
  0.76223700000000005        3.4768169977613558E-005   4.1377846272763925E-004
  0.76323600000000003        3.3963534245922058E-005   4.0932584551025848E-004
  0.76423500000000011        3.3174357773930386E-005   4.0491467960348279E-004
  0.76523400000000008        3.2400406072322606E-005   4.0054465434241296E-004
  0.76623300000000005        3.1641447183151414E-005   3.9621546047887281E-004
  0.76723200000000014        3.0897251666583067E-005   3.9192679018633375E-004
  0.76823100000000011        3.0167592587527294E-005   3.8767833706466163E-004
  0.76923000000000008        2.9452245502154943E-005   3.8346979614468712E-004
  0.77022900000000005        2.8750988444308527E-005   3.7930086389257835E-004
  0.77122800000000014        2.8063601911805844E-005   3.7517123821406646E-004
  0.77222700000000011        2.7389868852643777E-005   3.7108061845844882E-004
  0.77322600000000008        2.6729574651099808E-005   3.6702870542245551E-004
  0.77422500000000005        2.6082507113740948E-005   3.6301520135393212E-004
  0.77522400000000014        2.5448456455337233E-005   3.5903980995533432E-004
  0.77622300000000011        2.4827215284686401E-005   3.5510223638708275E-004
  0.77722200000000008        2.4218578590351544E-005   3.5120218727071305E-004
  0.77822100000000005        2.3622343726314655E-005   3.4733937069189293E-004
  0.77922000000000013        2.3038310397548517E-005   3.4351349620325800E-004
  0.78021900000000011        2.2466280645511657E-005   3.3972427482709296E-004
  0.78121800000000008        2.1906058833566979E-005   3.3597141905783478E-004
  0.78221700000000005        2.1357451632328387E-005   3.3225464286444552E-004
  0.78321600000000013        2.0820268004937731E-005   3.2857366169259761E-004
  0.78421500000000011        2.0294319192275183E-005   3.2492819246673216E-004
  0.78521400000000008        1.9779418698104773E-005   3.2131795359194103E-004
  0.78621300000000005        1.9275382274159706E-005   3.1774266495570485E-004
  0.78721200000000013        1.8782027905168469E-005   3.1420204792948685E-004
  0.78821100000000011        1.8299175793824954E-005   3.1069582537017275E-004
  0.78921000000000008        1.7826648345705684E-005   3.0722372162136073E-004
  0.79020900000000005        1.7364270154136110E-005   3.0378546251451539E-004
  0.79120800000000013        1.6911867985009234E-005   3.0038077536997081E-004
  0.79220700000000011        1.6469270761558730E-005   2.9700938899779555E-004
  0.79320600000000008        1.6036309549088704E-005   2.9367103369852044E-004
  0.79420500000000005        1.5612817539663756E-005   2.9036544126372147E-004
  0.79520400000000013        1.5198630036760985E-005   2.8709234497647287E-004
  0.79620300000000011        1.4793584439886325E-005   2.8385147961166430E-004
  0.79720200000000008        1.4397520229158384E-005   2.8064258143618159E-004
  0.79820100000000005        1.4010278949861311E-005   2.7746538820896358E-004
  0.79920000000000013        1.3631704196969698E-005   2.7431963918091954E-004
  0.80019900000000010        1.3261641599647951E-005   2.7120507509473078E-004
  0.80119800000000008        1.2899938805725646E-005   2.6812143818451202E-004
  0.80219700000000005        1.2546445466152116E-005   2.6506847217536416E-004
  0.80319600000000013        1.2201013219432016E-005   2.6204592228278885E-004
  0.80419500000000010        1.1863495676044578E-005   2.5905353521199660E-004
  0.80519400000000008        1.1533748402847734E-005   2.5609105915707855E-004
  0.80619300000000005        1.1211628907470701E-005   2.5315824380007926E-004
  0.80719200000000013        1.0896996622696097E-005   2.5025484030993426E-004
  0.80819100000000010        1.0589712890834516E-005   2.4738060134131551E-004
  0.80919000000000008        1.0289640948093063E-005   2.4453528103333261E-004
  0.81018900000000005        9.9966459089397850E-006   2.4171863500815671E-004
  0.81118800000000013        9.7105947504673645E-006   2.3893042036950883E-004
  0.81218700000000010        9.4313562967563232E-006   2.3617039570105453E-004
  0.81318600000000008        9.1588012032411788E-006   2.3343832106468120E-004
  0.81418500000000005        8.8928019410803842E-006   2.3073395799868220E-004
  0.81518400000000013        8.6332327815332039E-006   2.2805706951582410E-004
  0.81618300000000010        8.3799697803444878E-006   2.2540742010132431E-004
  0.81718200000000007        8.1328907621392266E-006   2.2278477571071738E-004
  0.81818100000000005        7.8918753048298932E-006   2.2018890376762973E-004
  0.81918000000000013        7.6568047240369246E-006   2.1761957316145352E-004
  0.82017900000000010        7.4275620575252254E-006   2.1507655424492922E-004
  0.82117800000000007        7.2040320496579223E-006   2.1255961883161933E-004
  0.82217700000000005        6.9861011358694983E-006   2.1006854019331165E-004
  0.82317600000000013        6.7736574271596605E-006   2.0760309305731085E-004
  0.82417500000000010        6.5665906946101884E-006   2.0516305360364804E-004
  0.82517400000000007        6.3647923539257191E-006   2.0274819946220824E-004
  0.82617300000000005        6.1681554500009508E-006   2.0035830970975321E-004
  0.82717200000000013        5.9765746415150379E-006   1.9799316486688025E-004
  0.82817100000000010        5.7899461855559716E-006   1.9565254689487741E-004
  0.82917000000000007        5.6081679222746964E-006   1.9333623919250779E-004
  0.83016900000000005        5.4311392595728397E-006   1.9104402659270663E-004
  0.83116800000000013        5.2587611578232499E-006   1.8877569535920362E-004
  0.83216700000000010        5.0909361146270180E-006   1.8653103318305877E-004
  0.83316600000000007        4.9275681496064752E-006   1.8430982917912970E-004
  0.83416500000000005        4.7685627892372217E-006   1.8211187388245440E-004
  0.83516400000000013        4.6138270517196339E-006   1.7993695924456622E-004
  0.83616300000000010        4.4632694318918154E-006   1.7778487862973524E-004
  0.83716200000000007        4.3167998861848147E-006   1.7565542681113015E-004
  0.83816100000000004        4.1743298176222169E-006   1.7354839996691970E-004
  0.83916000000000013        4.0357720608647108E-006   1.7146359567629684E-004
  0.84015900000000010        3.9010408673014325E-006   1.6940081291544321E-004
  0.84115800000000007        3.7700518901890915E-006   1.6735985205341687E-004
  0.84215700000000004        3.6427221698403386E-006   1.6534051484798319E-004
  0.84315600000000013        3.5189701188624764E-006   1.6334260444137856E-004
  0.84415500000000010        3.3987155074478083E-006   1.6136592535601131E-004
  0.84515400000000007        3.2818794487167685E-006   1.5941028349010102E-004
  0.84615300000000004        3.1683843841150128E-006   1.5747548611325630E-004
  0.84715200000000013        3.0581540688656016E-006   1.5556134186199921E-004
  0.84815100000000010        2.9511135574774983E-006   1.5366766073522388E-004
  0.84915000000000007        2.8471891893113304E-006   1.5179425408960587E-004
  0.85014900000000004        2.7463085742035380E-006   1.4994093463495026E-004
  0.85114800000000013        2.6484005781500452E-006   1.4810751642948961E-004
  0.85214700000000010        2.5533953090503944E-006   1.4629381487512945E-004
  0.85314600000000007        2.4612241025133818E-006   1.4449964671263806E-004
  0.85414500000000004        2.3718195077251733E-006   1.4272483001678910E-004
  0.85514400000000013        2.2851152733808630E-006   1.4096918419145323E-004
  0.85614300000000010        2.2010463336804792E-006   1.3923252996464380E-004
  0.85714200000000007        2.1195487943902073E-006   1.3751468938351217E-004
  0.85814100000000004        2.0405599189698981E-006   1.3581548580929938E-004
  0.85914000000000013        1.9640181147676503E-006   1.3413474391224094E-004
  0.86013900000000010        1.8898629192823226E-006   1.3247228966643319E-004
  0.86113800000000007        1.8180349864948412E-006   1.3082795034464838E-004
  0.86213700000000004        1.7484760732690651E-006   1.2920155451311591E-004
  0.86313600000000013        1.6811290258230922E-006   1.2759293202625998E-004
  0.86413500000000010        1.6159377662717185E-006   1.2600191402139721E-004
  0.86513400000000007        1.5528472792407514E-006   1.2442833291339796E-004
  0.86613300000000004        1.4918035985540362E-006   1.2287202238930994E-004
  0.86713200000000012        1.4327537939937819E-006   1.2133281740294157E-004
  0.86813100000000010        1.3756459581350353E-006   1.1981055416941883E-004
  0.86913000000000007        1.3204291932547166E-006   1.1830507015969957E-004
  0.87012900000000004        1.2670535983161922E-006   1.1681620409505856E-004
  0.87112800000000012        1.2154702560297551E-006   1.1534379594153982E-004
  0.87212700000000010        1.1656312199897639E-006   1.1388768690437874E-004
  0.87312600000000007        1.1174895018889931E-006   1.1244771942239178E-004
  0.87412500000000004        1.0709990588107638E-006   1.1102373716233935E-004
  0.87512400000000012        1.0261147805994624E-006   1.0961558501325912E-004
  0.87612300000000010        9.8279247730991248E-007   1.0822310908077303E-004
  0.87712200000000007        9.4098886673616758E-007   1.0684615668136615E-004
  0.87812100000000004        9.0066156202024146E-007   1.0548457633664271E-004
  0.87912000000000012        8.6176905934118217E-007   1.0413821776755534E-004
  0.88011900000000010        8.2427072568510036E-007   1.0280693188861385E-004
  0.88111800000000007        7.8812678669640221E-007   1.0149057080206538E-004
  0.88211700000000004        7.5329831461086701E-007   1.0018898779206189E-004
  0.88311600000000012        7.1974721627080896E-007   9.8902037318796785E-005
  0.88411500000000010        6.8743622122286577E-007   9.7629575012630660E-005
  0.88511400000000007        6.5632886989866223E-007   9.6371457668190092E-005
  0.88611300000000004        6.2638950187880947E-007   9.5127543238453488E-005
  0.88711200000000012        5.9758324424054984E-007   9.3897690828819808E-005
  0.88811100000000009        5.6987599998938680E-007   9.2681760691153177E-005
  0.88911000000000007        5.4323443657497181E-007   9.1479614217822392E-005
  0.89010900000000004        5.1762597449163202E-007   9.0291113935718451E-005
  0.89110800000000012        4.9301877596374615E-007   8.9116123500259341E-005
  0.89210700000000009        4.6938173371625876E-007   8.7954507689382957E-005
  0.89310600000000007        4.4668445983059458E-007   8.6806132397525664E-005
  0.89410500000000004        4.2489727468620882E-007   8.5670864629589400E-005
  0.89510400000000012        4.0399119598796345E-007   8.4548572494900381E-005
  0.89610300000000009        3.8393792787958493E-007   8.3439125201153100E-005
  0.89710200000000007        3.6470985014335167E-007   8.2342393048348038E-005
  0.89810100000000015        3.4628000748620250E-007   8.1258247422719628E-005
  0.89910000000000012        3.2862209891244848E-007   8.0186560790656528E-005
  0.90009900000000009        3.1171046718319113E-007   7.9127206692614335E-005
  0.90109800000000007        2.9552008836262205E-007   7.8080059737020816E-005
  0.90209700000000015        2.8002656145131585E-007   7.7044995594177632E-005
  0.90309600000000012        2.6520609810659604E-007   7.6021890990153533E-005
  0.90409500000000009        2.5103551245009534E-007   7.5010623700676895E-005
  0.90509400000000007        2.3749221096258223E-007   7.4011072545020196E-005
  0.90609300000000015        2.2455418246611113E-007   7.3023117379885334E-005
  0.90709200000000012        2.1219998819356706E-007   7.2046639093284161E-005
  0.90809100000000009        2.0040875194560781E-007   7.1081519598415935E-005
  0.90909000000000006        1.8916015033509036E-007   7.0127641827548169E-005
  0.91008900000000015        1.7843440311893081E-007   6.9184889725891832E-005
  0.91108800000000012        1.6821226361745912E-007   6.8253148245478879E-005
  0.91208700000000009        1.5847500922121001E-007   6.7332303339040923E-005
  0.91308600000000006        1.4920443198516371E-007   6.6422241953887530E-005
  0.91408500000000015        1.4038282931038806E-007   6.5522852025788776E-005
  0.91508400000000012        1.3199299471303915E-007   6.4634022472856588E-005
  0.91608300000000009        1.2401820868065924E-007   6.3755643189433898E-005
  0.91708200000000006        1.1644222961571834E-007   6.2887605039982169E-005
  0.91808100000000015        1.0924928486630416E-007   6.2029799852977212E-005
  0.91908000000000012        1.0242406184388586E-007   6.1182120414807829E-005
  0.92007900000000009        9.5951699228032378E-008   6.0344460463679735E-005
  0.92107800000000006        8.9817778257997613E-008   5.9516714683525397E-005
  0.92207700000000015        8.4008314111030436E-008   5.8698778697921228E-005
  0.92307600000000012        7.8509747367291977E-008   5.7890549064009465E-005
  0.92407500000000009        7.3308935561224603E-008   5.7091923266429712E-005
  0.92507400000000006        6.8393144819235287E-008   5.6302799711256069E-005
  0.92607300000000015        6.3750041583520999E-008   5.5523077719944674E-005
  0.92707200000000012        5.9367684421871997E-008   5.4752657523289559E-005
  0.92807100000000009        5.5234515923261802E-008   5.3991440255386453E-005
  0.92907000000000006        5.1339354679048024E-008   5.3239327947607387E-005
  0.93006900000000015        4.7671387349573142E-008   5.2496223522586338E-005
  0.93106800000000012        4.4220160815964328E-008   5.1762030788213880E-005
  0.93206700000000009        4.0975574416907300E-008   5.1036654431644852E-005
  0.93306600000000006        3.7927872270178522E-008   5.0320000013316150E-005
  0.93406500000000015        3.5067635678694406E-008   4.9611973960975655E-005
  0.93506400000000012        3.2385775620837498E-008   4.8912483563727758E-005
  0.93606300000000009        2.9873525324806031E-008   4.8221436966087389E-005
  0.93706200000000006        2.7522432926734551E-008   4.7538743162048438E-005
  0.93806100000000014        2.5324354212311021E-008   4.6864311989167103E-005
  0.93906000000000012        2.3271445441622435E-008   4.6198054122659351E-005
  0.94005900000000009        2.1356156256942074E-008   4.5539881069510216E-005
  0.94105800000000006        1.9571222673172210E-008   4.4889705162601729E-005
  0.94205700000000014        1.7909660150644347E-008   4.4247439554852360E-005
  0.94305600000000012        1.6364756749973000E-008   4.3612998213375777E-005
  0.94405500000000009        1.4930066368651774E-008   4.2986295913651796E-005
  0.94505400000000006        1.3599402059075177E-008   4.2367248233717120E-005
  0.94605300000000014        1.2366829427660618E-008   4.1755771548369413E-005
  0.94705200000000012        1.1226660114740909E-008   4.1151783023391860E-005
  0.94805100000000009        1.0173445354887256E-008   4.0555200609791773E-005
  0.94905000000000006        9.2019696173228285E-009   3.9965943038059027E-005
  0.95004900000000014        8.3072443260737086E-009   3.9383929812441585E-005
  0.95104800000000012        7.4845016595038301E-009   3.8809081205239487E-005
  0.95204700000000009        6.7291884288701584E-009   3.8241318251117485E-005
  0.95304600000000006        6.0369600355328148E-009   3.7680562741436144E-005
  0.95404500000000014        5.4036745064457946E-009   3.7126737218602662E-005
  0.95504400000000012        4.8253866075505404E-009   3.6579764970441419E-005
  0.95604300000000009        4.2983420346880685E-009   3.6039570024582777E-005
  0.95704200000000006        3.8189716816416149E-009   3.5506077142874040E-005
  0.95804100000000014        3.3838859849151844E-009   3.4979211815808334E-005
  0.95904000000000011        2.9898693448497741E-009   3.4458900256976389E-005
  0.96003900000000009        2.6338746226727397E-009   3.3945069397537034E-005
  0.96103800000000006        2.3130177130731359E-009   3.3437646880710556E-005
  0.96203700000000014        2.0245721918894209E-009   3.2936561056291200E-005
  0.96303600000000011        1.7659640384928568E-009   3.2441740975184337E-005
  0.96403500000000009        1.5347664324444888E-009   3.1953116383961195E-005
  0.96503400000000006        1.3286946240008530E-009   3.1470617719439790E-005
  0.96603300000000014        1.1456008780381129E-009   3.0994176103284910E-005
  0.96703200000000011        9.8346949096148530E-010   3.0523723336632147E-005
  0.96803100000000009        8.4041188016216172E-010   3.0059191894733967E-005
  0.96903000000000006        7.1466174558116729E-010   2.9600514921628761E-005
  0.97002900000000014        6.0457030293521453E-010   2.9147626224832668E-005
  0.97102800000000011        5.0860158815677186E-010   2.8700460270054898E-005
  0.97202700000000009        4.2532783259676455E-010   2.8258952175936553E-005
  0.97302600000000006        3.5342490853563421E-010   2.7823037708811779E-005
  0.97402500000000014        2.9166784454493884E-010   2.7392653277494622E-005
  0.97502400000000011        2.3892641023897755E-010   2.6967735928088452E-005
  0.97602300000000008        1.9416076995285859E-010   2.6548223338819448E-005
  0.97702200000000006        1.5641720488089692E-010   2.6134053814895043E-005
  0.97802100000000014        1.2482390320637037E-010   2.5725166283385551E-005
  0.97902000000000011        9.8586817751213311E-011   2.5321500288132231E-005
  0.98001900000000008        7.6985590671772321E-011   2.4922995984677497E-005
  0.98101800000000006        5.9369544724459443E-011   2.4529594135222315E-005
  0.98201700000000014        4.5153740622824021E-011   2.4141236103606712E-005
  0.98301600000000011        3.3815100005518995E-011   2.3757863850316545E-005
  0.98401500000000008        2.4888593532552850E-011   2.3379419927514776E-005
  0.98501400000000006        1.7963493625351841E-011   2.3005847474098260E-005
  0.98601300000000014        1.2679691364274874E-011   2.2637090210779754E-005
  0.98701200000000011        8.7240770555377573E-012   2.2273092435196170E-005
  0.98801100000000008        5.8269839778436496E-012   2.1913799017041030E-005
  0.98901000000000006        3.7586948175068499E-012   2.1559155393224189E-005
  0.99000900000000014        2.3260102993920209E-012   2.1209107563056298E-005
  0.99100800000000011        1.3688795196575515E-012   2.0863602083459678E-005
  0.99200700000000008        7.5709148502743801E-013   2.0522586064204969E-005
  0.99300600000000006        3.8702736215583572E-013   2.0186007163173845E-005
  0.99400500000000014        1.7847293956658459E-013   1.9853813581647992E-005
  0.99500400000000011        7.1490803665578727E-014   1.9525954059624445E-005
  0.99600300000000008        2.3351729421214228E-014   1.9202377871156542E-005
  0.99700200000000005        5.5247854941843624E-015   1.8883034819722096E-005
  0.99800100000000014        7.2565286703860496E-016   1.8567875233617512E-005
  0.99900000000000011        2.2655378060983440E-017   1.8256849961378324E-005
