   9.9900000000000010E-004   7.6888697200104141E-005   7.5670059746746896E-005
   1.9980000000000002E-003   1.5391157926830014E-004   1.5147901917159030E-004
   2.9970000000000005E-003   2.3106233003259539E-004   2.2742088210124905E-004
   3.9960000000000004E-003   3.0833458238180029E-004   3.0348960318875978E-004
   4.9950000000000003E-003   3.8572191968705790E-004   3.7967908921811695E-004
   5.9940000000000011E-003   4.6321787724263490E-004   4.5598320042679254E-004
   6.9930000000000010E-003   5.4081594372529110E-004   5.3239575184564256E-004
   7.9920000000000008E-003   6.1850956267165726E-004   6.0891051465559347E-004
   8.9910000000000007E-003   6.9629213397288904E-004   6.8552121756052225E-004
   9.9900000000000006E-003   7.7415701538599069E-004   7.6222154817576736E-004
   1.0989000000000001E-002   8.5209752406109423E-004   8.3900515443165375E-004
   1.1988000000000002E-002   9.3010693808404804E-004   9.1586564599131955E-004
   1.2987000000000002E-002   1.0081784980335753E-003   9.9279659568260546E-004
   1.3986000000000002E-002   1.0863054085523747E-003   1.0697915409427284E-003
   1.4985000000000002E-002   1.1644808399314079E-003   1.1468439852758395E-003
   1.5984000000000002E-002   1.2426979297066420E-003   1.2239473997223702E-003
   1.6983000000000002E-002   1.3209497842676323E-003   1.3010952243395319E-003
   1.7982000000000001E-002   1.3992294804771096E-003   1.3782808696926880E-003
   1.8981000000000001E-002   1.4775300673008961E-003   1.4554977183564963E-003
   1.9980000000000001E-002   1.5558445674474716E-003   1.5327391264255516E-003
   2.0979000000000001E-002   1.6341659790163245E-003   1.6099984250334842E-003
   2.1978000000000001E-002   1.7124872771545016E-003   1.6872689218804257E-003
   2.2977000000000001E-002   1.7908014157205175E-003   1.7645439027674601E-003
   2.3976000000000004E-002   1.8691013289549303E-003   1.8418166331379340E-003
   2.4975000000000004E-002   1.9473799331567935E-003   1.9190803596250234E-003
   2.5974000000000004E-002   2.0256301283653019E-003   1.9963283116041738E-003
   2.6973000000000004E-002   2.1038448000458574E-003   2.0735537027506898E-003
   2.7972000000000004E-002   2.1820168207798167E-003   2.1507497326012279E-003
   2.8971000000000004E-002   2.2601390519571469E-003   2.2279095881183658E-003
   2.9970000000000004E-002   2.3382043454713212E-003   2.3050264452584585E-003
   3.0969000000000003E-002   2.4162055454156166E-003   2.3820934705410693E-003
   3.1968000000000003E-002   2.4941354897801827E-003   2.4591038226198089E-003
   3.2967000000000003E-002   2.5719870121490894E-003   2.5360506538542045E-003
   3.3966000000000003E-002   2.6497529433965857E-003   2.6129271118812041E-003
   3.4965000000000003E-002   2.7274261133819252E-003   2.6897263411864939E-003
   3.5964000000000003E-002   2.8049993526419654E-003   2.7664414846743056E-003
   3.6963000000000003E-002   2.8824654940809023E-003   2.8430656852352870E-003
   3.7962000000000003E-002   2.9598173746563350E-003   2.9195920873121622E-003
   3.8961000000000003E-002   3.0370478370609858E-003   2.9960138384617346E-003
   3.9960000000000002E-002   3.1141497313994246E-003   3.0723240909134304E-003
   4.0959000000000002E-002   3.1911159168590483E-003   3.1485160031234569E-003
   4.1958000000000002E-002   3.2679392633746039E-003   3.2245827413233171E-003
   4.2957000000000002E-002   3.3446126532857036E-003   3.3005174810635833E-003
   4.3956000000000002E-002   3.4211289829864330E-003   3.3763134087501710E-003
   4.4955000000000002E-002   3.4974811645666747E-003   3.4519637231752213E-003
   4.5954000000000002E-002   3.5736621274442409E-003   3.5274616370387772E-003
   4.6953000000000002E-002   3.6496648199872833E-003   3.6028003784637974E-003
   4.7952000000000009E-002   3.7254822111263794E-003   3.6779731925016984E-003
   4.8951000000000008E-002   3.8011072919555394E-003   3.7529733426290971E-003
   4.9950000000000008E-002   3.8765330773216982E-003   3.8277941122340921E-003
   5.0949000000000008E-002   3.9517526074019111E-003   3.9024288060932758E-003
   5.1948000000000008E-002   4.0267589492676793E-003   3.9768707518368302E-003
   5.2947000000000008E-002   4.1015451984360279E-003   4.0511133014022082E-003
   5.3946000000000008E-002   4.1761044804064680E-003   4.1251498324771192E-003
   5.4945000000000008E-002   4.2504299521834840E-003   4.1989737499279313E-003
   5.5944000000000008E-002   4.3245148037839220E-003   4.2725784872171884E-003
   5.6943000000000007E-002   4.3983522597287215E-003   4.3459575078060933E-003
   5.7942000000000007E-002   4.4719355805185740E-003   4.4191043065438520E-003
   5.8941000000000007E-002   4.5452580640928109E-003   4.4920124110420867E-003
   5.9940000000000007E-002   4.6183130472712457E-003   4.5646753830346923E-003
   6.0939000000000007E-002   4.6910939071782617E-003   4.6370868197220501E-003
   6.1938000000000007E-002   4.7635940626488899E-003   4.7092403550997334E-003
   6.2937000000000007E-002   4.8358069756161944E-003   4.7811296612704007E-003
   6.3936000000000007E-002   4.9077261524797062E-003   4.8527484497398760E-003
   6.4935000000000007E-002   4.9793451454543817E-003   4.9240904726952838E-003
   6.5934000000000006E-002   5.0506575538997829E-003   4.9951495242663542E-003
   6.6933000000000006E-002   5.1216570256286493E-003   5.0659194417682143E-003
   6.7932000000000006E-002   5.1923372581953444E-003   5.1363941069272672E-003
   6.8931000000000006E-002   5.2626920001627026E-003   5.2065674470866720E-003
   6.9930000000000006E-002   5.3327150523478839E-003   5.2764334363946831E-003
   7.0929000000000006E-002   5.4024002690462869E-003   5.3459860969722571E-003
   7.1928000000000006E-002   5.4717415592333814E-003   5.4152195000622058E-003
   7.2927000000000006E-002   5.5407328877443004E-003   5.4841277671579701E-003
   7.3926000000000006E-002   5.6093682764304428E-003   5.5527050711122097E-003
   7.4925000000000005E-002   5.6776418052934194E-003   5.6209456372251429E-003
   7.5924000000000005E-002   5.7455476135955539E-003   5.6888437443120745E-003
   7.6923000000000005E-002   5.8130799009468333E-003   5.7563937257498936E-003
   7.7922000000000005E-002   5.8802329283682651E-003   5.8235899705025599E-003
   7.8921000000000005E-002   5.9470010193310562E-003   5.8904269241248581E-003
   7.9920000000000005E-002   6.0133785607717283E-003   5.9568990897449258E-003
   8.0919000000000005E-002   6.0793600040827261E-003   6.0230010290246681E-003
   8.1918000000000005E-002   6.1449398660785573E-003   6.0887273630977233E-003
   8.2917000000000005E-002   6.2101127299370607E-003   6.1540727734861718E-003
   8.3916000000000004E-002   6.2748732461157261E-003   6.2190320029939265E-003
   8.4915000000000004E-002   6.3392161332431760E-003   6.2835998565784514E-003
   8.5914000000000004E-002   6.4031361789851507E-003   6.3477712021984684E-003
   8.6913000000000004E-002   6.4666282408854326E-003   6.4115409716408844E-003
   8.7912000000000004E-002   6.5296872471812470E-003   6.4749041613227660E-003
   8.8911000000000004E-002   6.5923081975932983E-003   6.5378558330712816E-003
   8.9910000000000004E-002   6.6544861640899233E-003   6.6003911148808034E-003
   9.0909000000000004E-002   6.7162162916261404E-003   6.6625052016460124E-003
   9.1908000000000004E-002   6.7774937988565017E-003   6.7241933558728831E-003
   9.2907000000000003E-002   6.8383139788226587E-003   6.7854509083646901E-003
   9.3906000000000003E-002   6.8986721996148305E-003   6.8462732588862032E-003
   9.4905000000000003E-002   6.9585639050080460E-003   6.9066558768041226E-003
   9.5904000000000017E-002   7.0179846150720008E-003   6.9665943017036417E-003
   9.6903000000000017E-002   7.0769299267558396E-003   7.0260841439819064E-003
   9.7902000000000017E-002   7.1353955144469582E-003   7.0851210854179858E-003
   9.8901000000000017E-002   7.1933771305040632E-003   7.1437008797202318E-003
   9.9900000000000017E-002   7.2508706057649265E-003   7.2018193530485938E-003
  0.10089900000000002        7.3078718500285515E-003   7.2594724045153781E-003
  0.10189800000000002        7.3643768525117146E-003   7.3166560066615935E-003
  0.10289700000000002        7.4203816822803583E-003   7.3733662059106827E-003
  0.10389600000000002        7.4758824886558117E-003   7.4295991229987209E-003
  0.10489500000000002        7.5308755015955258E-003   7.4853509533818439E-003
  0.10589400000000002        7.5853570320492314E-003   7.5406179676203592E-003
  0.10689300000000002        7.6393234722897819E-003   7.5953965117403002E-003
  0.10789200000000002        7.6927712962197685E-003   7.6496830075716759E-003
  0.10889100000000002        7.7456970596529477E-003   7.7034739530655845E-003
  0.10989000000000002        7.7980974005716014E-003   7.7567659225855198E-003
  0.11088900000000002        7.8499690393597655E-003   7.8095555671807331E-003
  0.11188800000000002        7.9013087790119532E-003   7.8618396148329300E-003
  0.11288700000000002        7.9521135053183100E-003   7.9136148706842983E-003
  0.11388600000000001        8.0023801870259519E-003   7.9648782172412683E-003
  0.11488500000000001        8.0521058759767949E-003   8.0156266145575972E-003
  0.11588400000000001        8.1012877072221424E-003   8.0658571003956181E-003
  0.11688300000000001        8.1499228991142730E-003   8.1155667903659249E-003
  0.11788200000000001        8.1980087533749246E-003   8.1647528780454531E-003
  0.11888100000000001        8.2455426551416335E-003   8.2134126350753792E-003
  0.11988000000000001        8.2925220729911549E-003   8.2615434112375298E-003
  0.12087900000000001        8.3389445589412987E-003   8.3091426345100940E-003
  0.12187800000000001        8.3848077484304645E-003   8.3562078111028368E-003
  0.12287700000000001        8.4301093602759877E-003   8.4027365254729074E-003
  0.12387600000000001        8.4748471966107977E-003   8.4487264403186966E-003
  0.12487500000000001        8.5190191427992872E-003   8.4941752965570754E-003
  0.12587400000000001        8.5626231673321344E-003   8.5390809132773263E-003
  0.12687300000000001        8.6056573217008700E-003   8.5834411876789096E-003
  0.12787200000000001        8.6481197402522719E-003   8.6272540949886341E-003
  0.12887100000000001        8.6900086400224143E-003   8.6705176883589419E-003
  0.12987000000000001        8.7313223205516492E-003   8.7132300987484944E-003
  0.13086900000000001        8.7720591636798600E-003   8.7553895347833050E-003
  0.13186800000000001        8.8122176333228983E-003   8.7969942826017535E-003
  0.13286700000000001        8.8517962752303770E-003   8.8380427056791531E-003
  0.13386600000000001        8.8907937167246598E-003   8.8785332446370251E-003
  0.13486500000000001        8.9292086664223454E-003   8.9184644170343681E-003
  0.13586400000000001        8.9670399139376387E-003   8.9578348171420602E-003
  0.13686300000000001        9.0042863295681699E-003   8.9966431157001911E-003
  0.13786200000000001        9.0409468639641253E-003   9.0348880596596050E-003
  0.13886100000000001        9.0770205477800625E-003   9.0725684719070599E-003
  0.13986000000000001        9.1125064913107814E-003   9.1096832509746130E-003
  0.14085900000000001        9.1474038841104777E-003   9.1462313707337591E-003
  0.14185800000000001        9.1817119945967491E-003   9.1822118800729945E-003
  0.14285700000000001        9.2154301696384319E-003   9.2176239025633204E-003
  0.14385600000000001        9.2485578341288885E-003   9.2524666361054938E-003
  0.14485500000000001        9.2810944905440621E-003   9.2867393525656802E-003
  0.14585400000000001        9.3130397184862709E-003   9.3204413973963177E-003
  0.14685300000000001        9.3443931742138147E-003   9.3535721892420449E-003
  0.14785200000000001        9.3751545901568107E-003   9.3861312195341103E-003
  0.14885100000000001        9.4053237744194020E-003   9.4181180520699504E-003
  0.14985000000000001        9.4349006102690987E-003   9.4495323225809690E-003
  0.15084900000000001        9.4638850556129379E-003   9.4803737382874662E-003
  0.15184800000000001        9.4922771424616071E-003   9.5106420774412198E-003
  0.15284700000000001        9.5200769763812247E-003   9.5403371888555591E-003
  0.15384600000000001        9.5472847359331873E-003   9.5694589914252504E-003
  0.15484500000000001        9.5739006721028003E-003   9.5980074736336622E-003
  0.15584400000000001        9.5999251077167856E-003   9.6259826930494650E-003
  0.15684300000000001        9.6253584368495883E-003   9.6533847758119885E-003
  0.15784200000000001        9.6502011242197497E-003   9.6802139161076481E-003
  0.15884100000000001        9.6744537045759214E-003   9.7064703756340551E-003
  0.15984000000000001        9.6981167820728489E-003   9.7321544830559041E-003
  0.16083900000000001        9.7211910296381744E-003   9.7572666334508496E-003
  0.16183800000000001        9.7436771883299429E-003   9.7818072877453258E-003
  0.16283700000000001        9.7655760666851572E-003   9.8057769721430401E-003
  0.16383600000000001        9.7868885400601308E-003   9.8291762775431016E-003
  0.16483500000000001        9.8076155499622238E-003   9.8520058589502725E-003
  0.16583400000000001        9.8277581033739819E-003   9.8742664348778243E-003
  0.16683300000000001        9.8473172720693961E-003   9.8959587867417410E-003
  0.16783200000000001        9.8662941919232076E-003   9.9170837582475378E-003
  0.16883100000000001        9.8846900622132864E-003   9.9376422547697036E-003
  0.16983000000000001        9.9025061449156734E-003   9.9576352427250426E-003
  0.17082900000000001        9.9197437639942550E-003   9.9770637489377811E-003
  0.17182800000000001        9.9364043046834896E-003   9.9959288599999318E-003
  0.17282700000000001        9.9524892127659022E-003   1.0014231721623383E-002
  0.17382600000000001        9.9679999938438648E-003   1.0031973537988929E-002
  0.17482500000000001        9.9829382126063407E-003   1.0049155571086665E-002
  0.17582400000000001        9.9973054920904376E-003   1.0065779140053490E-002
  0.17682300000000001        1.0011103512938666E-002   1.0081845620503802E-002
  0.17782200000000001        1.0024334012651737E-002   1.0097356443856278E-002
  0.17882100000000001        1.0036998784837183E-002   1.0112313096656132E-002
  0.17982000000000001        1.0049099678454283E-002   1.0126717119891895E-002
  0.18081900000000001        1.0060638597055391E-002   1.0140570108309734E-002
  0.18181800000000001        1.0071617498024163E-002   1.0153873709723130E-002
  0.18281700000000001        1.0082038391810572E-002   1.0166629624318023E-002
  0.18381600000000001        1.0091903341163213E-002   1.0178839603957096E-002
  0.18481500000000001        1.0101214460359439E-002   1.0190505451478536E-002
  0.18581400000000001        1.0109973914432505E-002   1.0201629019992792E-002
  0.18681300000000001        1.0118183918397637E-002   1.0212212212177239E-002
  0.18781200000000001        1.0125846736475794E-002   1.0222256979567362E-002
  0.18881100000000001        1.0132964681315788E-002   1.0231765321846747E-002
  0.18981000000000001        1.0139540113215681E-002   1.0240739286134849E-002
  0.19080900000000001        1.0145575439342422E-002   1.0249180966272416E-002
  0.19180800000000003        1.0151073112951600E-002   1.0257092502105981E-002
  0.19280700000000003        1.0156035632605372E-002   1.0264476078771418E-002
  0.19380600000000003        1.0160465541391148E-002   1.0271333925974829E-002
  0.19480500000000003        1.0164365426139455E-002   1.0277668317274872E-002
  0.19580400000000003        1.0167737916642086E-002   1.0283481569361791E-002
  0.19680300000000003        1.0170585684870261E-002   1.0288776041338550E-002
  0.19780200000000003        1.0172911444193631E-002   1.0293554133999154E-002
  0.19880100000000003        1.0174717948599504E-002   1.0297818289109176E-002
  0.19980000000000003        1.0176007991913313E-002   1.0301570988684200E-002
  0.20079900000000003        1.0176784407019737E-002   1.0304814754270405E-002
  0.20179800000000003        1.0177050065085420E-002   1.0307552146224383E-002
  0.20279700000000003        1.0176807874782760E-002   1.0309785762994178E-002
  0.20379600000000003        1.0176060781515530E-002   1.0311518240400250E-002
  0.20479500000000003        1.0174811766646079E-002   1.0312752250919323E-002
  0.20579400000000003        1.0173063846724669E-002   1.0313490502966462E-002
  0.20679300000000003        1.0170820072720630E-002   1.0313735740181166E-002
  0.20779200000000003        1.0168083529256165E-002   1.0313490740713936E-002
  0.20879100000000003        1.0164857333842068E-002   1.0312758316513094E-002
  0.20979000000000003        1.0161144636116599E-002   1.0311541312615613E-002
  0.21078900000000003        1.0156948617086490E-002   1.0309842606439109E-002
  0.21178800000000003        1.0152272488371349E-002   1.0307665107074203E-002
  0.21278700000000003        1.0147119491450852E-002   1.0305011754581830E-002
  0.21378600000000003        1.0141492896914954E-002   1.0301885519291201E-002
  0.21478500000000003        1.0135396003717725E-002   1.0298289401100131E-002
  0.21578400000000003        1.0128832138434312E-002   1.0294226428778662E-002
  0.21678300000000003        1.0121804654521697E-002   1.0289699659275529E-002
  0.21778200000000003        1.0114316931583068E-002   1.0284712177026300E-002
  0.21878100000000003        1.0106372374635764E-002   1.0279267093266445E-002
  0.21978000000000003        1.0097974413383655E-002   1.0273367545345373E-002
  0.22077900000000003        1.0089126501493014E-002   1.0267016696045546E-002
  0.22177800000000003        1.0079832115872977E-002   1.0260217732903146E-002
  0.22277700000000003        1.0070094755959951E-002   1.0252973867534178E-002
  0.22377600000000003        1.0059917943006627E-002   1.0245288334962448E-002
  0.22477500000000003        1.0049305219375309E-002   1.0237164392951680E-002
  0.22577400000000003        1.0038260147835959E-002   1.0228605321342106E-002
  0.22677300000000003        1.0026786310868488E-002   1.0219614421389819E-002
  0.22777200000000003        1.0014887309970641E-002   1.0210195015110588E-002
  0.22877100000000003        1.0002566764969687E-002   1.0200350444628421E-002
  0.22977000000000003        9.9898283133399296E-003   1.0190084071526327E-002
  0.23076900000000003        9.9766756095245740E-003   1.0179399276203555E-002
  0.23176800000000003        9.9631123242631767E-003   1.0168299457235531E-002
  0.23276700000000003        9.9491421439238843E-003   1.0156788030738675E-002
  0.23376600000000003        9.9347687698411111E-003   1.0144868429740076E-002
  0.23476500000000003        9.9199959176584987E-003   1.0132544103550738E-002
  0.23576400000000003        9.9048273166772085E-003   1.0119818517144379E-002
  0.23676300000000003        9.8892667092095911E-003   1.0106695150540704E-002
  0.23776200000000003        9.8733178499386086E-003   1.0093177498192751E-002
  0.23876100000000003        9.8569845052824921E-003   1.0079269068379450E-002
  0.23976000000000003        9.8402704527650615E-003   1.0064973382603580E-002
  0.24075900000000003        9.8231794803920608E-003   1.0050293974993567E-002
  0.24175800000000003        9.8057153860328511E-003   1.0035234391711459E-002
  0.24275700000000003        9.7878819768078690E-003   1.0019798190364738E-002
  0.24375600000000003        9.7696830684819505E-003   1.0003988939423669E-002
  0.24475500000000003        9.7511224848639399E-003   9.9878102176447960E-003
  0.24575400000000003        9.7322040572113116E-003   9.9712656134971593E-003
  0.24675300000000003        9.7129316236415145E-003   9.9543587245966431E-003
  0.24775200000000003        9.6933090285488081E-003   9.9370931571433375E-003
  0.24875100000000003        9.6733401220274254E-003   9.9194725253652898E-003
  0.24975000000000003        9.6530287593005193E-003   9.9015004509676006E-003
  0.25074900000000000        9.6323788001553123E-003   9.8831805625857420E-003
  0.25174800000000003        9.6113941083840193E-003   9.8645164952459591E-003
  0.25274700000000000        9.5900785512315345E-003   9.8455118898301882E-003
  0.25374600000000003        9.5684359988485665E-003   9.8261703925461609E-003
  0.25474500000000000        9.5464703237512927E-003   9.8064956544034951E-003
  0.25574400000000003        9.5241854002869834E-003   9.7864913306951549E-003
  0.25674300000000005        9.5015851041061004E-003   9.7661610804846439E-003
  0.25774200000000003        9.4786733116402257E-003   9.7455085660985551E-003
  0.25874100000000005        9.4554538995865571E-003   9.7245374526237615E-003
  0.25974000000000003        9.4319307443982564E-003   9.7032514074129345E-003
  0.26073900000000005        9.4081077217813038E-003   9.6816540995920304E-003
  0.26173800000000003        9.3839887061975616E-003   9.6597491995762223E-003
  0.26273700000000005        9.3595775703739469E-003   9.6375403785904281E-003
  0.26373600000000003        9.3348781848179262E-003   9.6150313081950975E-003
  0.26473500000000005        9.3098944173391658E-003   9.5922256598185880E-003
  0.26573400000000003        9.2846301325776818E-003   9.5691271042939816E-003
  0.26673300000000005        9.2590891915379780E-003   9.5457393114029773E-003
  0.26773200000000003        9.2332754511293656E-003   9.5220659494245821E-003
  0.26873100000000005        9.2071927637127869E-003   9.4981106846890907E-003
  0.26973000000000003        9.1808449766537809E-003   9.4738771811388404E-003
  0.27072900000000005        9.1542359318814524E-003   9.4493690998938267E-003
  0.27172800000000003        9.1273694654539911E-003   9.4245900988234148E-003
  0.27272700000000005        9.1002494071299733E-003   9.3995438321232746E-003
  0.27372600000000002        9.0728795799465082E-003   9.3742339498982512E-003
  0.27472500000000005        9.0452637998027028E-003   9.3486640977512320E-003
  0.27572400000000002        9.0174058750500351E-003   9.3228379163768291E-003
  0.27672300000000005        8.9893096060883124E-003   9.2967590411612566E-003
  0.27772200000000002        8.9609787849684597E-003   9.2704311017882644E-003
  0.27872100000000005        8.9324171950004062E-003   9.2438577218492361E-003
  0.27972000000000002        8.9036286103681209E-003   9.2170425184607933E-003
  0.28071900000000005        8.8746167957500545E-003   9.1899891018865209E-003
  0.28171800000000002        8.8453855059456438E-003   9.1627010751648991E-003
  0.28271700000000005        8.8159384855083980E-003   9.1351820337424120E-003
  0.28371600000000002        8.7862794683842629E-003   9.1074355651133577E-003
  0.28471500000000005        8.7564121775565214E-003   9.0794652484632397E-003
  0.28571400000000002        8.7263403246963592E-003   9.0512746543193485E-003
  0.28671300000000005        8.6960676098194675E-003   9.0228673442063444E-003
  0.28771200000000002        8.6655977209486035E-003   8.9942468703068483E-003
  0.28871100000000005        8.6349343337817734E-003   8.9654167751280489E-003
  0.28971000000000002        8.6040811113666221E-003   8.9363805911738137E-003
  0.29070900000000005        8.5730417037805269E-003   8.9071418406213420E-003
  0.29170800000000002        8.5418197478161796E-003   8.8777040350044422E-003
  0.29270700000000005        8.5104188666733274E-003   8.8480706749011467E-003
  0.29370600000000002        8.4788426696560740E-003   8.8182452496272726E-003
  0.29470500000000005        8.4470947518759162E-003   8.7882312369352775E-003
  0.29570400000000002        8.4151786939603169E-003   8.7580321027174810E-003
  0.29670300000000005        8.3830980617670987E-003   8.7276513007165345E-003
  0.29770200000000002        8.3508564061043206E-003   8.6970922722383708E-003
  0.29870100000000005        8.3184572624557754E-003   8.6663584458733355E-003
  0.29970000000000002        8.2859041507118408E-003   8.6354532372202204E-003
  0.30069900000000005        8.2532005749061423E-003   8.6043800486163106E-003
  0.30169800000000002        8.2203500229572797E-003   8.5731422688727424E-003
  0.30269700000000005        8.1873559664164697E-003   8.5417432730144696E-003
  0.30369600000000002        8.1542218602199696E-003   8.5101864220260698E-003
  0.30469500000000005        8.1209511424473017E-003   8.4784750626010763E-003
  0.30569400000000002        8.0875472340847035E-003   8.4466125268984928E-003
  0.30669300000000005        8.0540135387936647E-003   8.4146021323018138E-003
  0.30769200000000002        8.0203534426848671E-003   8.3824471811855105E-003
  0.30869100000000005        7.9865703140972188E-003   8.3501509606838803E-003
  0.30969000000000002        7.9526675033821607E-003   8.3177167424666101E-003
  0.31068900000000005        7.9186483426928883E-003   8.2851477825187803E-003
  0.31168800000000002        7.8845161457788346E-003   8.2524473209250517E-003
  0.31268700000000005        7.8502742077851250E-003   8.2196185816592552E-003
  0.31368600000000002        7.8159258050569860E-003   8.1866647723780224E-003
  0.31468500000000005        7.7814741949490656E-003   8.1535890842201857E-003
  0.31568400000000002        7.7469226156398107E-003   8.1203946916099997E-003
  0.31668300000000005        7.7122742859506129E-003   8.0870847520646220E-003
  0.31768200000000002        7.6775324051697284E-003   8.0536624060077288E-003
  0.31868100000000005        7.6427001528811102E-003   8.0201307765858203E-003
  0.31968000000000002        7.6077806887979134E-003   7.9864929694903140E-003
  0.32067900000000005        7.5727771526006935E-003   7.9527520727837482E-003
  0.32167800000000002        7.5376926637802334E-003   7.9189111567302319E-003
  0.32267700000000005        7.5025303214851869E-003   7.8849732736305002E-003
  0.32367600000000002        7.4672932043739672E-003   7.8509414576613170E-003
  0.32467500000000005        7.4319843704714166E-003   7.8168187247189772E-003
  0.32567400000000002        7.3966068570299045E-003   7.7826080722677767E-003
  0.32667300000000005        7.3611636803948607E-003   7.7483124791915877E-003
  0.32767200000000002        7.3256578358746804E-003   7.7139349056508455E-003
  0.32867100000000005        7.2900922976150495E-003   7.6794782929428531E-003
  0.32967000000000002        7.2544700184775605E-003   7.6449455633667181E-003
  0.33066900000000005        7.2187939299225724E-003   7.6103396200921164E-003
  0.33166800000000002        7.1830669418964368E-003   7.5756633470323879E-003
  0.33266700000000005        7.1472919427226240E-003   7.5409196087211196E-003
  0.33366600000000002        7.1114717989974111E-003   7.5061112501934243E-003
  0.33466500000000005        7.0756093554893186E-003   7.4712410968706842E-003
  0.33566400000000002        7.0397074350426730E-003   7.4363119544492819E-003
  0.33666300000000005        7.0037688384854569E-003   7.4013266087933176E-003
  0.33766200000000002        6.9677963445407953E-003   7.3662878258310711E-003
  0.33866100000000005        6.9317927097425182E-003   7.3311983514553003E-003
  0.33966000000000002        6.8957606683546007E-003   7.2960609114272271E-003
  0.34065900000000005        6.8597029322945710E-003   7.2608782112842133E-003
  0.34165800000000002        6.8236221910604805E-003   7.2256529362514314E-003
  0.34265700000000004        6.7875211116618147E-003   7.1903877511564560E-003
  0.34365600000000002        6.7514023385540911E-003   7.1550853003485146E-003
  0.34465500000000004        6.7152684935771157E-003   7.1197482076201055E-003
  0.34565400000000002        6.6791221758968579E-003   7.0843790761332334E-003
  0.34665300000000004        6.6429659619510395E-003   7.0489804883482887E-003
  0.34765200000000002        6.6068024053980321E-003   7.0135550059567770E-003
  0.34865100000000004        6.5706340370694991E-003   6.9781051698175637E-003
  0.34965000000000002        6.5344633649264570E-003   6.9426334998962877E-003
  0.35064900000000004        6.4982928740186692E-003   6.9071424952076507E-003
  0.35164800000000002        6.4621250264475108E-003   6.8716346337624485E-003
  0.35264700000000004        6.4259622613320813E-003   6.8361123725159418E-003
  0.35364600000000002        6.3898069947788171E-003   6.8005781473208940E-003
  0.35464500000000004        6.3536616198541290E-003   6.7650343728832560E-003
  0.35564400000000002        6.3175285065604605E-003   6.7294834427208839E-003
  0.35664300000000004        6.2814100018153554E-003   6.6939277291257438E-003
  0.35764200000000002        6.2453084294337531E-003   6.6583695831286200E-003
  0.35864100000000004        6.2092260901135087E-003   6.6228113344675996E-003
  0.35964000000000002        6.1731652614236288E-003   6.5872552915588137E-003
  0.36063900000000004        6.1371281977959675E-003   6.5517037414704596E-003
  0.36163800000000001        6.1011171305194421E-003   6.5161589499001726E-003
  0.36263700000000004        6.0651342677377068E-003   6.4806231611542978E-003
  0.36363600000000001        6.0291817944491399E-003   6.4450985981308771E-003
  0.36463500000000004        5.9932618725101784E-003   6.4095874623051972E-003
  0.36563400000000001        5.9573766406413042E-003   6.3740919337177309E-003
  0.36663300000000004        5.9215282144357319E-003   6.3386141709656707E-003
  0.36763200000000001        5.8857186863709113E-003   6.3031563111960115E-003
  0.36863100000000004        5.8499501258227832E-003   6.2677204701024553E-003
  0.36963000000000001        5.8142245790826982E-003   6.2323087419241460E-003
  0.37062900000000004        5.7785440693767674E-003   6.1969231994472773E-003
  0.37162800000000001        5.7429105968881556E-003   6.1615658940095616E-003
  0.37262700000000004        5.7073261387816550E-003   6.1262388555065259E-003
  0.37362600000000001        5.6717926492308307E-003   6.0909440924007590E-003
  0.37462500000000004        5.6363120594477593E-003   6.0556835917340342E-003
  0.37562400000000001        5.6008862777150890E-003   6.0204593191407058E-003
  0.37662300000000004        5.5655171894205321E-003   5.9852732188647971E-003
  0.37762200000000001        5.5302066570938214E-003   5.9501272137782906E-003
  0.37862100000000004        5.4949565204458041E-003   5.9150232054025441E-003
  0.37962000000000001        5.4597685964101325E-003   5.8799630739318339E-003
  0.38061900000000004        5.4246446791868701E-003   5.8449486782587061E-003
  0.38161800000000001        5.3895865402886402E-003   5.8099818560022496E-003
  0.38261700000000004        5.3545959285887469E-003   5.7750644235378540E-003
  0.38361600000000007        5.3196745703715321E-003   5.7401981760296806E-003
  0.38461500000000004        5.2848241693849111E-003   5.7053848874650016E-003
  0.38561400000000007        5.2500464068949027E-003   5.6706263106906744E-003
  0.38661300000000004        5.2153429417422749E-003   5.6359241774515600E-003
  0.38761200000000007        5.1807154104011738E-003   5.6012801984311996E-003
  0.38861100000000004        5.1461654270397528E-003   5.5666960632942781E-003
  0.38961000000000007        5.1116945835828036E-003   5.5321734407312358E-003
  0.39060900000000004        5.0773044497761819E-003   5.4977139785046423E-003
  0.39160800000000007        5.0429965732532523E-003   5.4633193034975200E-003
  0.39260700000000004        5.0087724796031114E-003   5.4289910217636215E-003
  0.39360600000000007        4.9746336724406743E-003   5.3947307185795036E-003
  0.39460500000000004        4.9405816334784983E-003   5.3605399584982106E-003
  0.39560400000000007        4.9066178226003796E-003   5.3264202854052967E-003
  0.39660300000000004        4.8727436779367733E-003   5.2923732225757039E-003
  0.39760200000000007        4.8389606159416568E-003   5.2584002727333636E-003
  0.39860100000000004        4.8052700314714161E-003   5.2245029181116733E-003
  0.39960000000000007        4.7716732978650049E-003   5.1906826205161379E-003
  0.40059900000000004        4.7381717670259326E-003   5.1569408213883632E-003
  0.40159800000000007        4.7047667695057430E-003   5.1232789418718099E-003
  0.40259700000000004        4.6714596145890283E-003   5.0896983828790923E-003
  0.40359600000000007        4.6382515903799770E-003   5.0562005251606297E-003
  0.40459500000000004        4.6051439638903711E-003   5.0227867293751961E-003
  0.40559400000000007        4.5721379811290413E-003   4.9894583361615617E-003
  0.40659300000000004        4.5392348671927851E-003   4.9562166662118793E-003
  0.40759200000000007        4.5064358263585541E-003   4.9230630203463870E-003
  0.40859100000000004        4.4737420421771847E-003   4.8899986795894268E-003
  0.40959000000000007        4.4411546775682872E-003   4.8570249052471504E-003
  0.41058900000000004        4.4086748749165711E-003   4.8241429389861415E-003
  0.41158800000000006        4.3763037561693309E-003   4.7913540029137372E-003
  0.41258700000000004        4.3440424229352504E-003   4.7586592996594059E-003
  0.41358600000000006        4.3118919565844410E-003   4.7260600124575938E-003
  0.41458500000000004        4.2798534183496459E-003   4.6935573052315979E-003
  0.41558400000000006        4.2479278494285538E-003   4.6611523226789166E-003
  0.41658300000000004        4.2161162710873668E-003   4.6288461903574944E-003
  0.41758200000000006        4.1844196847654249E-003   4.5966400147734411E-003
  0.41858100000000004        4.1528390721808335E-003   4.5645348834696415E-003
  0.41958000000000006        4.1213753954373001E-003   4.5325318651156877E-003
  0.42057900000000004        4.0900295971319231E-003   4.5006320095987091E-003
  0.42157800000000006        4.0588026004639462E-003   4.4688363481154595E-003
  0.42257700000000004        4.0276953093445729E-003   4.4371458932652890E-003
  0.42357600000000006        3.9967086085077605E-003   4.4055616391442242E-003
  0.42457500000000004        3.9658433636217804E-003   4.3740845614401612E-003
  0.42557400000000006        3.9351004214018609E-003   4.3427156175286970E-003
  0.42657300000000004        3.9044806097236961E-003   4.3114557465701820E-003
  0.42757200000000006        3.8739847377376457E-003   4.2803058696077208E-003
  0.42857100000000004        3.8436135959839545E-003   4.2492668896659917E-003
  0.42957000000000006        3.8133679565086980E-003   4.2183396918507084E-003
  0.43056900000000004        3.7832485729805535E-003   4.1875251434494408E-003
  0.43156800000000006        3.7532561808082303E-003   4.1568240940328873E-003
  0.43256700000000003        3.7233914972587901E-003   4.1262373755571154E-003
  0.43356600000000006        3.6936552215765797E-003   4.0957658024665744E-003
  0.43456500000000003        3.6640480351028343E-003   4.0654101717976744E-003
  0.43556400000000006        3.6345706013960785E-003   4.0351712632835978E-003
  0.43656300000000003        3.6052235663530064E-003   4.0050498394593155E-003
  0.43756200000000006        3.5760075583301724E-003   3.9750466457675526E-003
  0.43856100000000003        3.5469231882660989E-003   3.9451624106655314E-003
  0.43956000000000006        3.5179710498041117E-003   3.9153978457321312E-003
  0.44055900000000003        3.4891517194156388E-003   3.8857536457759076E-003
  0.44155800000000006        3.4604657565241270E-003   3.8562304889436265E-003
  0.44255700000000003        3.4319137036294004E-003   3.8268290368293260E-003
  0.44355600000000006        3.4034960864325614E-003   3.7975499345842580E-003
  0.44455500000000003        3.3752134139614148E-003   3.7683938110269900E-003
  0.44555400000000006        3.3470661786961634E-003   3.7393612787543478E-003
  0.44655300000000003        3.3190548566958151E-003   3.7104529342527901E-003
  0.44755200000000006        3.2911799077247712E-003   3.6816693580101947E-003
  0.44855100000000003        3.2634417753798993E-003   3.6530111146283410E-003
  0.44955000000000006        3.2358408872180345E-003   3.6244787529357042E-003
  0.45054900000000003        3.2083776548837350E-003   3.5960728061005236E-003
  0.45154800000000006        3.1810524742374234E-003   3.5677937917448850E-003
  0.45254700000000003        3.1538657254839195E-003   3.5396422120584849E-003
  0.45354600000000006        3.1268177733011046E-003   3.5116185539133017E-003
  0.45454500000000003        3.0999089669690337E-003   3.4837232889784985E-003
  0.45554400000000006        3.0731396404992018E-003   3.4559568738355083E-003
  0.45654300000000003        3.0465101127641688E-003   3.4283197500938377E-003
  0.45754200000000006        3.0200206876272177E-003   3.4008123445067157E-003
  0.45854100000000003        2.9936716540724952E-003   3.3734350690875661E-003
  0.45954000000000006        2.9674632863350495E-003   3.3461883212262673E-003
  0.46053900000000003        2.9413958440312714E-003   3.3190724838060648E-003
  0.46153800000000006        2.9154695722894376E-003   3.2920879253205428E-003
  0.46253700000000003        2.8896847018802341E-003   3.2652349999908901E-003
  0.46353600000000006        2.8640414493476957E-003   3.2385140478834473E-003
  0.46453500000000003        2.8385400171399905E-003   3.2119253950273108E-003
  0.46553400000000006        2.8131805937404212E-003   3.1854693535322172E-003
  0.46653300000000003        2.7879633537984940E-003   3.1591462217067431E-003
  0.46753200000000006        2.7628884582610244E-003   3.1329562841763497E-003
  0.46853100000000003        2.7379560545032757E-003   3.1068998120018601E-003
  0.46953000000000006        2.7131662764601624E-003   3.0809770627979560E-003
  0.47052900000000003        2.6885192447574451E-003   3.0551882808516812E-003
  0.47152800000000006        2.6640150668429024E-003   3.0295336972413428E-003
  0.47252700000000003        2.6396538371175437E-003   3.0040135299551057E-003
  0.47352600000000006        2.6154356370667107E-003   2.9786279840099904E-003
  0.47452500000000003        2.5913605353911997E-003   2.9533772515708137E-003
  0.47552400000000006        2.5674285881382764E-003   2.9282615120690327E-003
  0.47652300000000003        2.5436398388326582E-003   2.9032809323218684E-003
  0.47752200000000006        2.5199943186073408E-003   2.8784356666512780E-003
  0.47852100000000003        2.4964920463344080E-003   2.8537258570029644E-003
  0.47952000000000006        2.4731330287556317E-003   2.8291516330653699E-003
  0.48051900000000003        2.4499172606130305E-003   2.8047131123887094E-003
  0.48151800000000006        2.4268447247792159E-003   2.7804104005038723E-003
  0.48251700000000003        2.4039153923875660E-003   2.7562435910412908E-003
  0.48351600000000006        2.3811292229623466E-003   2.7322127658498297E-003
  0.48451500000000003        2.3584861645484945E-003   2.7083179951155160E-003
  0.48551400000000006        2.3359861538413160E-003   2.6845593374801987E-003
  0.48651300000000003        2.3136291163159384E-003   2.6609368401600934E-003
  0.48751200000000006        2.2914149663564938E-003   2.6374505390642736E-003
  0.48851100000000003        2.2693436073852008E-003   2.6141004589130294E-003
  0.48951000000000006        2.2474149319910135E-003   2.5908866133559343E-003
  0.49050900000000003        2.2256288220581896E-003   2.5678090050900528E-003
  0.49150800000000006        2.2039851488945029E-003   2.5448676259776787E-003
  0.49250700000000003        2.1824837733591383E-003   2.5220624571641679E-003
  0.49350600000000006        2.1611245459904152E-003   2.4993934691954034E-003
  0.49450500000000003        2.1399073071330862E-003   2.4768606221351633E-003
  0.49550400000000006        2.1188318870653828E-003   2.4544638656822278E-003
  0.49650300000000003        2.0978981061257462E-003   2.4322031392873538E-003
  0.49750200000000006        2.0771057748391847E-003   2.4100783722699848E-003
  0.49850100000000003        2.0564546940432960E-003   2.3880894839345798E-003
  0.49950000000000006        2.0359446550139797E-003   2.3662363836870438E-003
  0.50049900000000003        2.0155754395906732E-003   2.3445189711505375E-003
  0.50149800000000000        1.9953468203013705E-003   2.3229371362812044E-003
  0.50249700000000008        1.9752585604871087E-003   2.3014907594836481E-003
  0.50349600000000005        1.9553104144261176E-003   2.2801797117260195E-003
  0.50449500000000003        1.9355021274576017E-003   2.2590038546549283E-003
  0.50549400000000000        1.9158334361050195E-003   2.2379630407098837E-003
  0.50649300000000008        1.8963040681990288E-003   2.2170571132376395E-003
  0.50749200000000005        1.8769137429999376E-003   2.1962859066060035E-003
  0.50849100000000003        1.8576621713197500E-003   2.1756492463175232E-003
  0.50949000000000000        1.8385490556437111E-003   2.1551469491226179E-003
  0.51048900000000008        1.8195740902514526E-003   2.1347788231325373E-003
  0.51148800000000005        1.8007369613376582E-003   2.1145446679318980E-003
  0.51248700000000003        1.7820373471321902E-003   2.0944442746908174E-003
  0.51348600000000011        1.7634749180198445E-003   2.0744774262767560E-003
  0.51448500000000008        1.7450493366594664E-003   2.0546438973658970E-003
  0.51548400000000005        1.7267602581027442E-003   2.0349434545542289E-003
  0.51648300000000003        1.7086073299123021E-003   2.0153758564680885E-003
  0.51748200000000011        1.6905901922794563E-003   1.9959408538744922E-003
  0.51848100000000008        1.6727084781412976E-003   1.9766381897908989E-003
  0.51948000000000005        1.6549618132973602E-003   1.9574675995945772E-003
  0.52047900000000002        1.6373498165256886E-003   1.9384288111316710E-003
  0.52147800000000011        1.6198720996983603E-003   1.9195215448256232E-003
  0.52247700000000008        1.6025282678964899E-003   1.9007455137853874E-003
  0.52347600000000005        1.5853179195246452E-003   1.8821004239129623E-003
  0.52447500000000002        1.5682406464247204E-003   1.8635859740106806E-003
  0.52547400000000011        1.5512960339892023E-003   1.8452018558878798E-003
  0.52647300000000008        1.5344836612739324E-003   1.8269477544672200E-003
  0.52747200000000005        1.5178031011101774E-003   1.8088233478904352E-003
  0.52847100000000002        1.5012539202162213E-003   1.7908283076236741E-003
  0.52947000000000011        1.4848356793082463E-003   1.7729622985622878E-003
  0.53046900000000008        1.4685479332107582E-003   1.7552249791352274E-003
  0.53146800000000005        1.4523902309662383E-003   1.7376160014088173E-003
  0.53246700000000002        1.4363621159443095E-003   1.7201350111901198E-003
  0.53346600000000011        1.4204631259502293E-003   1.7027816481297556E-003
  0.53446500000000008        1.4046927933327688E-003   1.6855555458242164E-003
  0.53546400000000005        1.3890506450914694E-003   1.6684563319176269E-003
  0.53646300000000002        1.3735362029832243E-003   1.6514836282030380E-003
  0.53746200000000011        1.3581489836283101E-003   1.6346370507231416E-003
  0.53846100000000008        1.3428884986156832E-003   1.6179162098704733E-003
  0.53946000000000005        1.3277542546076678E-003   1.6013207104870399E-003
  0.54045900000000002        1.3127457534440050E-003   1.5848501519634831E-003
  0.54145800000000011        1.2978624922452104E-003   1.5685041283375909E-003
  0.54245700000000008        1.2831039635153006E-003   1.5522822283922982E-003
  0.54345600000000005        1.2684696552438400E-003   1.5361840357531712E-003
  0.54445500000000002        1.2539590510073143E-003   1.5202091289852635E-003
  0.54545400000000011        1.2395716300698406E-003   1.5043570816894141E-003
  0.54645300000000008        1.2253068674831977E-003   1.4886274625980111E-003
  0.54745200000000005        1.2111642341861685E-003   1.4730198356701463E-003
  0.54845100000000002        1.1971431971032002E-003   1.4575337601862063E-003
  0.54945000000000010        1.1832432192423873E-003   1.4421687908418603E-003
  0.55044900000000008        1.1694637597927477E-003   1.4269244778414623E-003
  0.55144800000000005        1.1558042742208260E-003   1.4118003669909144E-003
  0.55244700000000002        1.1422642143665575E-003   1.3967959997898403E-003
  0.55344600000000010        1.1288430285384889E-003   1.3819109135232597E-003
  0.55444500000000008        1.1155401616082400E-003   1.3671446413525720E-003
  0.55544400000000005        1.1023550551043100E-003   1.3524967124060232E-003
  0.55644300000000002        1.0892871473051117E-003   1.3379666518684675E-003
  0.55744200000000010        1.0763358733313865E-003   1.3235539810706272E-003
  0.55844100000000008        1.0635006652377976E-003   1.3092582175776269E-003
  0.55944000000000005        1.0507809521038830E-003   1.2950788752770211E-003
  0.56043900000000002        1.0381761601242824E-003   1.2810154644660903E-003
  0.56143800000000010        1.0256857126981894E-003   1.2670674919386218E-003
  0.56243700000000008        1.0133090305181702E-003   1.2532344610710134E-003
  0.56343600000000005        1.0010455316581566E-003   1.2395158719077084E-003
  0.56443500000000002        9.8889463166079933E-004   1.2259112212461060E-003
  0.56543400000000010        9.7685574362404212E-004   1.2124200027207521E-003
  0.56643300000000008        9.6492827828698947E-004   1.1990417068869236E-003
  0.56743200000000005        9.5311164411502204E-004   1.1857758213036143E-003
  0.56843100000000002        9.4140524738421118E-004   1.1726218306158133E-003
  0.56943000000000010        9.2980849226496302E-004   1.1595792166362105E-003
  0.57042900000000007        9.1832078090495954E-004   1.1466474584262032E-003
  0.57142800000000005        9.0694151351134887E-004   1.1338260323763196E-003
  0.57242700000000002        8.9567008843218095E-004   1.1211144122859633E-003
  0.57342600000000010        8.8450590223714595E-004   1.1085120694425024E-003
  0.57442500000000007        8.7344834979754280E-004   1.0960184726997468E-003
  0.57542400000000005        8.6249682436550959E-004   1.0836330885557455E-003
  0.57642300000000002        8.5165071765252889E-004   1.0713553812299519E-003
  0.57742200000000010        8.4090941990717721E-004   1.0591848127397255E-003
  0.57842100000000007        8.3027231999214645E-004   1.0471208429762202E-003
  0.57942000000000005        8.1973880546050469E-004   1.0351629297795564E-003
  0.58041900000000002        8.0930826263124586E-004   1.0233105290133914E-003
  0.58141800000000010        7.9898007666405349E-004   1.0115630946388127E-003
  0.58241700000000007        7.8875363163337050E-004   9.9992007878759739E-004
  0.58341600000000005        7.7862831060168528E-004   9.8838093183477825E-004
  0.58441500000000002        7.6860349569211059E-004   9.7694510247059419E-004
  0.58541400000000010        7.5867856816017824E-004   9.6561203777176003E-004
  0.58641300000000007        7.4885290846494785E-004   9.5438118327208807E-004
  0.58741200000000005        7.3912589633931016E-004   9.4325198303245935E-004
  0.58841100000000002        7.2949691085961229E-004   9.3222387971011241E-004
  0.58941000000000010        7.1996533051449331E-004   9.2129631462730050E-004
  0.59040900000000007        7.1053053327299674E-004   9.1046872783928949E-004
  0.59140800000000004        7.0119189665196219E-004   8.9974055820166913E-004
  0.59240700000000002        6.9194879778264416E-004   8.8911124343706959E-004
  0.59340600000000010        6.8280061347661826E-004   8.7858022020111928E-004
  0.59440500000000007        6.7374672029094106E-004   8.6814692414785956E-004
  0.59540400000000004        6.6478649459257219E-004   8.5781078999442619E-004
  0.59640300000000002        6.5591931262207399E-004   8.4757125158509367E-004
  0.59740200000000010        6.4714455055654328E-004   8.3742774195467887E-004
  0.59840100000000007        6.3846158457186942E-004   8.2737969339125104E-004
  0.59940000000000004        6.2986979090419481E-004   8.1742653749825121E-004
  0.60039900000000002        6.2136854591068229E-004   8.0756770525588291E-004
  0.60139800000000010        6.1295722612956995E-004   7.9780262708190400E-004
  0.60239700000000007        6.0463520833944917E-004   7.8813073289174041E-004
  0.60339600000000004        5.9640186961784246E-004   7.7855145215794427E-004
  0.60439500000000002        5.8825658739908304E-004   7.6906421396903365E-004
  0.60539400000000010        5.8019873953141861E-004   7.5966844708762779E-004
  0.60639300000000007        5.7222770433344641E-004   7.5036358000797750E-004
  0.60739200000000004        5.6434286064978583E-004   7.4114904101284706E-004
  0.60839100000000002        5.5654358790605777E-004   7.3202425822970179E-004
  0.60939000000000010        5.4882926616315079E-004   7.2298865968631191E-004
  0.61038900000000007        5.4119927617075913E-004   7.1404167336566802E-004
  0.61138800000000004        5.3365299942021674E-004   7.0518272726026909E-004
  0.61238700000000001        5.2618981819662995E-004   6.9641124942577124E-004
  0.61338600000000010        5.1880911563028439E-004   6.8772666803398842E-004
  0.61438500000000007        5.1151027574736652E-004   6.7912841142526124E-004
  0.61538400000000004        5.0429268351996680E-004   6.7061590816017396E-004
  0.61638300000000001        4.9715572491539669E-004   6.6218858707065898E-004
  0.61738200000000010        4.9009878694479493E-004   6.5384587731044783E-004
  0.61838100000000007        4.8312125771104850E-004   6.4558720840489500E-004
  0.61938000000000004        4.7622252645601327E-004   6.3741201030016899E-004
  0.62037900000000001        4.6940198360705034E-004   6.2931971341183084E-004
  0.62137800000000010        4.6265902082286592E-004   6.2130974867274957E-004
  0.62237700000000007        4.5599303103868087E-004   6.1338154758043919E-004
  0.62337600000000004        4.4940340851070066E-004   6.0553454224373789E-004
  0.62437500000000001        4.4288954885992059E-004   5.9776816542885945E-004
  0.62537400000000010        4.3645084911523896E-004   5.9008185060486986E-004
  0.62637300000000007        4.3008670775591793E-004   5.8247503198850781E-004
  0.62737200000000004        4.2379652475334678E-004   5.7494714458839575E-004
  0.62837100000000001        4.1757970161216009E-004   5.6749762424865345E-004
  0.62937000000000010        4.1143564141067694E-004   5.6012590769189102E-004
  0.63036900000000007        4.0536374884068456E-004   5.5283143256158447E-004
  0.63136800000000004        3.9936343024656176E-004   5.4561363746386991E-004
  0.63236700000000001        3.9343409366374556E-004   5.3847196200871715E-004
  0.63336600000000010        3.8757514885654425E-004   5.3140584685049369E-004
  0.63436500000000007        3.8178600735530474E-004   5.2441473372796224E-004
  0.63536400000000004        3.7606608249293299E-004   5.1749806550364192E-004
  0.63636300000000001        3.7041478944076700E-004   5.1065528620261645E-004
  0.63736200000000010        3.6483154524381394E-004   5.0388584105071294E-004
  0.63836100000000007        3.5931576885536080E-004   4.9718917651212034E-004
  0.63936000000000004        3.5386688117092403E-004   4.9056474032641267E-004
  0.64035900000000012        3.4848430506160719E-004   4.8401198154498641E-004
  0.64135800000000009        3.4316746540680968E-004   4.7753035056692780E-004
  0.64235700000000007        3.3791578912630927E-004   4.7111929917428668E-004
  0.64335600000000004        3.3272870521174893E-004   4.6477828056679305E-004
  0.64435500000000012        3.2760564475748099E-004   4.5850674939598886E-004
  0.64535400000000009        3.2254604099083150E-004   4.5230416179880000E-004
  0.64635300000000007        3.1754932930172280E-004   4.4616997543054114E-004
  0.64735200000000004        3.1261494727171621E-004   4.4010364949734687E-004
  0.64835100000000012        3.0774233470245039E-004   4.3410464478805600E-004
  0.64935000000000009        3.0293093364347338E-004   4.2817242370554373E-004
  0.65034900000000007        2.9818018841949609E-004   4.2230645029747255E-004
  0.65134800000000004        2.9348954565704556E-004   4.1650619028652598E-004
  0.65234700000000012        2.8885845431053398E-004   4.1077111110006907E-004
  0.65334600000000009        2.8428636568776026E-004   4.0510068189928290E-004
  0.65434500000000007        2.7977273347481600E-004   3.9949437360774405E-004
  0.65534400000000004        2.7531701376043070E-004   3.9395165893947056E-004
  0.65634300000000012        2.7091866505973963E-004   3.8847201242643635E-004
  0.65734200000000009        2.6657714833749864E-004   3.8305491044554949E-004
  0.65834100000000007        2.6229192703071955E-004   3.7769983124510736E-004
  0.65934000000000004        2.5806246707076567E-004   3.7240625497071293E-004
  0.66033900000000012        2.5388823690488424E-004   3.6717366369068947E-004
  0.66133800000000009        2.4976870751719011E-004   3.6200154142096484E-004
  0.66233700000000006        2.4570335244911151E-004   3.5688937414943739E-004
  0.66333600000000004        2.4169164781928635E-004   3.5183664985983273E-004
  0.66433500000000012        2.3773307234292593E-004   3.4684285855506719E-004
  0.66533400000000009        2.3382710735064477E-004   3.4190749228008103E-004
  0.66633300000000006        2.2997323680676510E-004   3.3703004514418558E-004
  0.66733200000000004        2.2617094732709056E-004   3.3221001334291151E-004
  0.66833100000000012        2.2241972819616785E-004   3.2744689517935665E-004
  0.66933000000000009        2.1871907138402738E-004   3.2274019108505139E-004
  0.67032900000000006        2.1506847156240979E-004   3.1808940364032692E-004
  0.67132800000000004        2.1146742612049294E-004   3.1349403759420899E-004
  0.67232700000000012        2.0791543518010880E-004   3.0895359988381742E-004
  0.67332600000000009        2.0441200161046643E-004   3.0446759965331165E-004
  0.67432500000000006        2.0095663104237256E-004   3.0003554827233279E-004
  0.67532400000000004        1.9754883188197566E-004   2.9565695935400616E-004
  0.67632300000000012        1.9418811532400670E-004   2.9133134877245247E-004
  0.67732200000000009        1.9087399536455362E-004   2.8705823467986091E-004
  0.67832100000000006        1.8760598881334783E-004   2.8283713752307884E-004
  0.67932000000000003        1.8438361530558482E-004   2.7866758005975920E-004
  0.68031900000000012        1.8120639731326931E-004   2.7454908737406080E-004
  0.68131800000000009        1.7807386015610335E-004   2.7048118689189534E-004
  0.68231700000000006        1.7498553201190722E-004   2.6646340839572076E-004
  0.68331600000000003        1.7194094392659274E-004   2.6249528403891512E-004
  0.68431500000000012        1.6893962982367680E-004   2.5857634835969179E-004
  0.68531400000000009        1.6598112651335277E-004   2.5470613829460222E-004
  0.68631300000000006        1.6306497370111985E-004   2.5088419319158880E-004
  0.68731200000000003        1.6019071399597342E-004   2.4711005482263291E-004
  0.68831100000000012        1.5735789291815828E-004   2.4338326739595793E-004
  0.68931000000000009        1.5456605890649844E-004   2.3970337756784444E-004
  0.69030900000000006        1.5181476332530063E-004   2.3606993445399380E-004
  0.69130800000000003        1.4910356047082851E-004   2.3248248964051867E-004
  0.69230700000000012        1.4643200757737579E-004   2.2894059719449691E-004
  0.69330600000000009        1.4379966482291654E-004   2.2544381367413933E-004
  0.69430500000000006        1.4120609533434865E-004   2.2199169813855640E-004
  0.69530400000000003        1.3865086519234001E-004   2.1858381215712172E-004
  0.69630300000000012        1.3613354343577173E-004   2.1521971981844769E-004
  0.69730200000000009        1.3365370206578890E-004   2.1189898773898083E-004
  0.69830100000000006        1.3121091604945888E-004   2.0862118507120040E-004
  0.69930000000000003        1.2880476332304751E-004   2.0538588351144232E-004
  0.70029900000000012        1.2643482479491238E-004   2.0219265730735339E-004
  0.70129800000000009        1.2410068434802078E-004   1.9904108326495717E-004
  0.70229700000000006        1.2180192884209228E-004   1.9593074075536710E-004
  0.70329600000000003        1.1953814811537719E-004   1.9286121172112044E-004
  0.70429500000000012        1.1730893498606793E-004   1.8983208068216496E-004
  0.70529400000000009        1.1511388525335472E-004   1.8684293474147273E-004
  0.70629300000000006        1.1295259769812134E-004   1.8389336359031378E-004
  0.70729200000000003        1.1082467408329844E-004   1.8098295951317006E-004
  0.70829100000000011        1.0872971915385885E-004   1.7811131739230656E-004
  0.70929000000000009        1.0666734063648386E-004   1.7527803471200547E-004
  0.71028900000000006        1.0463714923888196E-004   1.7248271156244645E-004
  0.71128800000000003        1.0263875864877900E-004   1.6972495064326843E-004
  0.71228700000000011        1.0067178553257860E-004   1.6700435726679498E-004
  0.71328600000000009        9.8735849533698186E-005   1.6432053936092365E-004
  0.71428500000000006        9.6830573270582663E-005   1.6167310747170434E-004
  0.71528400000000003        9.4955582334404142E-005   1.5906167476558697E-004
  0.71628300000000011        9.3110505286448934E-005   1.5648585703136321E-004
  0.71728200000000009        9.1294973655196788E-005   1.5394527268178753E-004
  0.71828100000000006        8.9508621933097319E-005   1.5143954275489020E-004
  0.71928000000000003        8.7751087573044920E-005   1.4896829091499189E-004
  0.72027900000000011        8.6022010984563002E-005   1.4653114345340742E-004
  0.72127800000000009        8.4321035529693602E-005   1.4412772928886332E-004
  0.72227700000000006        8.2647807518600500E-005   1.4175767996760767E-004
  0.72327600000000003        8.1001976204893498E-005   1.3942062966324211E-004
  0.72427500000000011        7.9383193780670094E-005   1.3711621517626082E-004
  0.72527400000000009        7.7791115371285795E-005   1.3484407593330704E-004
  0.72627300000000006        7.6225399029852437E-005   1.3260385398615427E-004
  0.72727200000000003        7.4685705731472970E-005   1.3039519401040608E-004
  0.72827100000000011        7.3171699367211070E-005   1.2821774330392635E-004
  0.72927000000000008        7.1683046737806643E-005   1.2607115178500837E-004
  0.73026900000000006        7.0219417547135105E-005   1.2395507199026342E-004
  0.73126800000000003        6.8780484395417266E-005   1.2186915907226462E-004
  0.73226700000000011        6.7365922772184446E-005   1.1981307079692369E-004
  0.73326600000000008        6.5975411049002186E-005   1.1778646754061686E-004
  0.73426500000000006        6.4608630471954133E-005   1.1578901228705927E-004
  0.73526400000000003        6.3265265153894661E-005   1.1382037062393540E-004
  0.73626300000000011        6.1945002066470317E-005   1.1188021073928215E-004
  0.73726200000000008        6.0647531031917086E-005   1.0996820341763663E-004
  0.73826100000000006        5.9372544714632565E-005   1.0808402203594362E-004
  0.73926000000000003        5.8119738612533965E-005   1.0622734255923380E-004
  0.74025900000000011        5.6888811048198573E-005   1.0439784353607061E-004
  0.74125800000000008        5.5679463159796980E-005   1.0259520609377230E-004
  0.74225700000000006        5.4491398891818323E-005   1.0081911393341329E-004
  0.74325600000000003        5.3324324985591050E-005   9.9069253324601892E-005
  0.74425500000000011        5.2177950969608607E-005   9.7345313100050373E-005
  0.74525400000000008        5.1051989149658357E-005   9.5646984649924095E-005
  0.74625300000000006        4.9946154598756952E-005   9.3973961915990779E-005
  0.74725200000000003        4.8860165146902274E-005   9.2325941385557650E-005
  0.74825100000000011        4.7793741370638024E-005   9.0702622085211455E-005
  0.74925000000000008        4.6746606582439567E-005   8.9103705574358777E-005
  0.75024900000000005        4.5718486819924160E-005   8.7528895938568621E-005
  0.75124800000000003        4.4709110834884871E-005   8.5977899782727229E-005
  0.75224700000000011        4.3718210082159518E-005   8.4450426224003174E-005
  0.75324600000000008        4.2745518708330775E-005   8.2946186884625303E-005
  0.75424500000000005        4.1790773540265145E-005   8.1464895884482354E-005
  0.75524400000000003        4.0853714073493711E-005   8.0006269833538291E-005
  0.75624300000000011        3.9934082460436883E-005   7.8570027824078939E-005
  0.75724200000000008        3.9031623498478792E-005   7.7155891422782679E-005
  0.75824100000000005        3.8146084617891833E-005   7.5763584662620970E-005
  0.75924000000000003        3.7277215869618190E-005   7.4392834034596231E-005
  0.76023900000000011        3.6424769912909335E-005   7.3043368479314564E-005
  0.76123800000000008        3.5588502002827652E-005   7.1714919378400150E-005
  0.76223700000000005        3.4768169977613558E-005   7.0407220545752605E-005
  0.76323600000000003        3.3963534245922058E-005   6.9120008218650914E-005
  0.76423500000000011        3.3174357773930386E-005   6.7853021048707864E-005
  0.76523400000000008        3.2400406072322606E-005   6.6606000092676293E-005
  0.76623300000000005        3.1641447183151414E-005   6.5378688803111509E-005
  0.76723200000000014        3.0897251666583067E-005   6.4170833018892544E-005
  0.76823100000000011        3.0167592587527294E-005   6.2982180955606335E-005
  0.76923000000000008        2.9452245502154943E-005   6.1812483195793446E-005
  0.77022900000000005        2.8750988444308527E-005   6.0661492679065528E-005
  0.77122800000000014        2.8063601911805844E-005   5.9528964692090957E-005
  0.77222700000000011        2.7389868852643777E-005   5.8414656858455608E-005
  0.77322600000000008        2.6729574651099808E-005   5.7318329128397797E-005
  0.77422500000000005        2.6082507113740948E-005   5.6239743768425194E-005
  0.77522400000000014        2.5448456455337233E-005   5.5178665350812829E-005
  0.77622300000000011        2.4827215284686401E-005   5.4134860742985940E-005
  0.77722200000000008        2.4218578590351544E-005   5.3108099096790548E-005
  0.77822100000000005        2.3622343726314655E-005   5.2098151837656152E-005
  0.77922000000000013        2.3038310397548517E-005   5.1104792653649522E-005
  0.78021900000000011        2.2466280645511657E-005   5.0127797484426359E-005
  0.78121800000000008        2.1906058833566979E-005   4.9166944510082589E-005
  0.78221700000000005        2.1357451632328387E-005   4.8222014139903102E-005
  0.78321600000000013        2.0820268004937731E-005   4.7292789001020917E-005
  0.78421500000000011        2.0294319192275183E-005   4.6379053926977254E-005
  0.78521400000000008        1.9779418698104773E-005   4.5480595946196320E-005
  0.78621300000000005        1.9275382274159706E-005   4.4597204270367894E-005
  0.78721200000000013        1.8782027905168469E-005   4.3728670282747517E-005
  0.78821100000000011        1.8299175793824954E-005   4.2874787526372920E-005
  0.78921000000000008        1.7826648345705684E-005   4.2035351692200217E-005
  0.79020900000000005        1.7364270154136110E-005   4.1210160607163806E-005
  0.79120800000000013        1.6911867985009234E-005   4.0399014222158584E-005
  0.79220700000000011        1.6469270761558730E-005   3.9601714599952077E-005
  0.79320600000000008        1.6036309549088704E-005   3.8818065903024994E-005
  0.79420500000000005        1.5612817539663756E-005   3.8047874381344337E-005
  0.79520400000000013        1.5198630036760985E-005   3.7290948360071338E-005
  0.79620300000000011        1.4793584439886325E-005   3.6547098227206467E-005
  0.79720200000000008        1.4397520229158384E-005   3.5816136421173719E-005
  0.79820100000000005        1.4010278949861311E-005   3.5097877418345783E-005
  0.79920000000000013        1.3631704196969698E-005   3.4392137720515309E-005
  0.80019900000000010        1.3261641599647951E-005   3.3698735842311130E-005
  0.80119800000000008        1.2899938805725646E-005   3.3017492298562632E-005
  0.80219700000000005        1.2546445466152116E-005   3.2348229591616087E-005
  0.80319600000000013        1.2201013219432016E-005   3.1690772198604772E-005
  0.80419500000000010        1.1863495676044578E-005   3.1044946558671474E-005
  0.80519400000000008        1.1533748402847734E-005   3.0410581060152283E-005
  0.80619300000000005        1.1211628907470701E-005   2.9787506027716563E-005
  0.80719200000000013        1.0896996622696097E-005   2.9175553709471568E-005
  0.80819100000000010        1.0589712890834516E-005   2.8574558264029349E-005
  0.80919000000000008        1.0289640948093063E-005   2.7984355747539535E-005
  0.81018900000000005        9.9966459089397850E-006   2.7404784100691216E-005
  0.81118800000000013        9.7105947504673645E-006   2.6835683135684478E-005
  0.81218700000000010        9.4313562967563232E-006   2.6276894523173467E-005
  0.81318600000000008        9.1588012032411788E-006   2.5728261779184482E-005
  0.81418500000000005        8.8928019410803842E-006   2.5189630252009638E-005
  0.81518400000000013        8.6332327815332039E-006   2.4660847109078780E-005
  0.81618300000000010        8.3799697803444878E-006   2.4141761323811504E-005
  0.81718200000000007        8.1328907621392266E-006   2.3632223662450756E-005
  0.81818100000000005        7.8918753048298932E-006   2.3132086670880083E-005
  0.81918000000000013        7.6568047240369246E-006   2.2641204661427473E-005
  0.82017900000000010        7.4275620575252254E-006   2.2159433699655595E-005
  0.82117800000000007        7.2040320496579223E-006   2.1686631591141761E-005
  0.82217700000000005        6.9861011358694983E-006   2.1222657868249264E-005
  0.82317600000000013        6.7736574271596605E-006   2.0767373776890955E-005
  0.82417500000000010        6.5665906946101884E-006   2.0320642263288280E-005
  0.82517400000000007        6.3647923539257191E-006   1.9882327960725909E-005
  0.82617300000000005        6.1681554500009508E-006   1.9452297176304641E-005
  0.82717200000000013        5.9765746415150379E-006   1.9030417877694510E-005
  0.82817100000000010        5.7899461855559716E-006   1.8616559679888673E-005
  0.82917000000000007        5.6081679222746964E-006   1.8210593831960523E-005
  0.83016900000000005        5.4311392595728397E-006   1.7812393203825749E-005
  0.83116800000000013        5.2587611578232499E-006   1.7421832273010263E-005
  0.83216700000000010        5.0909361146270180E-006   1.7038787111426515E-005
  0.83316600000000007        4.9275681496064752E-006   1.6663135372158392E-005
  0.83416500000000005        4.7685627892372217E-006   1.6294756276257690E-005
  0.83516400000000013        4.6138270517196339E-006   1.5933530599552913E-005
  0.83616300000000010        4.4632694318918154E-006   1.5579340659471942E-005
  0.83716200000000007        4.3167998861848147E-006   1.5232070301879690E-005
  0.83816100000000004        4.1743298176222169E-006   1.4891604887933362E-005
  0.83916000000000013        4.0357720608647108E-006   1.4557831280955509E-005
  0.84015900000000010        3.9010408673014325E-006   1.4230637833326682E-005
  0.84115800000000007        3.7700518901890915E-006   1.3909914373399318E-005
  0.84215700000000004        3.6427221698403386E-006   1.3595552192434105E-005
  0.84315600000000013        3.5189701188624764E-006   1.3287444031559768E-005
  0.84415500000000010        3.3987155074478083E-006   1.2985484068758534E-005
  0.84515400000000007        3.2818794487167685E-006   1.2689567905877340E-005
  0.84615300000000004        3.1683843841150128E-006   1.2399592555666880E-005
  0.84715200000000013        3.0581540688656016E-006   1.2115456428849699E-005
  0.84815100000000010        2.9511135574774983E-006   1.1837059321218821E-005
  0.84915000000000007        2.8471891893113304E-006   1.1564302400766642E-005
  0.85014900000000004        2.7463085742035380E-006   1.1297088194847506E-005
  0.85114800000000013        2.6484005781500452E-006   1.1035320577373499E-005
  0.85214700000000010        2.5533953090503944E-006   1.0778904756045378E-005
  0.85314600000000007        2.4612241025133818E-006   1.0527747259619387E-005
  0.85414500000000004        2.3718195077251733E-006   1.0281755925211165E-005
  0.85514400000000013        2.2851152733808630E-006   1.0040839885638294E-005
  0.85614300000000010        2.2010463336804792E-006   9.8049095568020592E-006
  0.85714200000000007        2.1195487943902073E-006   9.5738766251093555E-006
  0.85814100000000004        2.0405599189698981E-006   9.3476540349363901E-006
  0.85914000000000013        1.9640181147676503E-006   9.1261559761347286E-006
  0.86013900000000010        1.8898629192823226E-006   8.9092978715810697E-006
  0.86113800000000007        1.8180349864948412E-006   8.6969963647710971E-006
  0.86213700000000004        1.7484760732690651E-006   8.4891693074590907E-006
  0.86313600000000013        1.6811290258230922E-006   8.2857357473439440E-006
  0.86413500000000010        1.6159377662717185E-006   8.0866159158023266E-006
  0.86513400000000007        1.5528472792407514E-006   7.8917312156703914E-006
  0.86613300000000004        1.4918035985540362E-006   7.7010042090743661E-006
  0.86713200000000012        1.4327537939937819E-006   7.5143586053111568E-006
  0.86813100000000010        1.3756459581350353E-006   7.3317192487802300E-006
  0.86913000000000007        1.3204291932547166E-006   7.1530121069668725E-006
  0.87012900000000004        1.2670535983161922E-006   6.9781642584779503E-006
  0.87112800000000012        1.2154702560297551E-006   6.8071038811313304E-006
  0.87212700000000010        1.1656312199897639E-006   6.6397602400993757E-006
  0.87312600000000007        1.1174895018889931E-006   6.4760636761072476E-006
  0.87412500000000004        1.0709990588107638E-006   6.3159455936869052E-006
  0.87512400000000012        1.0261147805994624E-006   6.1593384494877568E-006
  0.87612300000000010        9.8279247730991248E-007   6.0061757406443471E-006
  0.87712200000000007        9.4098886673616758E-007   5.8563919932015951E-006
  0.87812100000000004        9.0066156202024146E-007   5.7099227505992825E-006
  0.87912000000000012        8.6176905934118217E-007   5.5667045622150844E-006
  0.88011900000000010        8.2427072568510036E-007   5.4266749719679257E-006
  0.88111800000000007        7.8812678669640221E-007   5.2897725069816178E-006
  0.88211700000000004        7.5329831461086701E-007   5.1559366663098716E-006
  0.88311600000000012        7.1974721627080896E-007   5.0251079097228852E-006
  0.88411500000000010        6.8743622122286577E-007   4.8972276465564168E-006
  0.88511400000000007        6.5632886989866223E-007   4.7722382246238469E-006
  0.88611300000000004        6.2638950187880947E-007   4.6500829191915185E-006
  0.88711200000000012        5.9758324424054984E-007   4.5307059220184710E-006
  0.88811100000000009        5.6987599998938680E-007   4.4140523304605550E-006
  0.88911000000000007        5.4323443657497181E-007   4.3000681366397082E-006
  0.89010900000000004        5.1762597449163202E-007   4.1887002166788623E-006
  0.89110800000000012        4.9301877596374615E-007   4.0798963200030678E-006
  0.89210700000000009        4.6938173371625876E-007   3.9736050587070234E-006
  0.89310600000000007        4.4668445983059458E-007   3.8697758969897644E-006
  0.89410500000000004        4.2489727468620882E-007   3.7683591406569598E-006
  0.89510400000000012        4.0399119598796345E-007   3.6693059266908819E-006
  0.89610300000000009        3.8393792787958493E-007   3.5725682128890879E-006
  0.89710200000000007        3.6470985014335167E-007   3.4780987675714665E-006
  0.89810100000000015        3.4628000748620250E-007   3.3858511593568275E-006
  0.89910000000000012        3.2862209891244848E-007   3.2957797470087492E-006
  0.90009900000000009        3.1171046718319113E-007   3.2078396693514761E-006
  0.90109800000000007        2.9552008836262205E-007   3.1219868352560446E-006
  0.90209700000000015        2.8002656145131585E-007   3.0381779136969233E-006
  0.90309600000000012        2.6520609810659604E-007   2.9563703238797761E-006
  0.90409500000000009        2.5103551245009534E-007   2.8765222254401754E-006
  0.90509400000000007        2.3749221096258223E-007   2.7985925087141577E-006
  0.90609300000000015        2.2455418246611113E-007   2.7225407850803383E-006
  0.90709200000000012        2.1219998819356706E-007   2.6483273773743566E-006
  0.90809100000000009        2.0040875194560781E-007   2.5759133103754918E-006
  0.90909000000000006        1.8916015033509036E-007   2.5052603013660163E-006
  0.91008900000000015        1.7843440311893081E-007   2.4363307507633912E-006
  0.91108800000000012        1.6821226361745912E-007   2.3690877328255089E-006
  0.91208700000000009        1.5847500922121001E-007   2.3034949864292211E-006
  0.91308600000000006        1.4920443198516371E-007   2.2395169059224376E-006
  0.91408500000000015        1.4038282931038806E-007   2.1771185320498430E-006
  0.91508400000000012        1.3199299471303915E-007   2.1162655429525344E-006
  0.91608300000000009        1.2401820868065924E-007   2.0569242452416427E-006
  0.91708200000000006        1.1644222961571834E-007   1.9990615651462570E-006
  0.91808100000000015        1.0924928486630416E-007   1.9426450397355192E-006
  0.91908000000000012        1.0242406184388586E-007   1.8876428082153772E-006
  0.92007900000000009        9.5951699228032378E-008   1.8340236032998011E-006
  0.92107800000000006        8.9817778257997613E-008   1.7817567426567860E-006
  0.92207700000000015        8.4008314111030436E-008   1.7308121204291246E-006
  0.92307600000000012        7.8509747367291977E-008   1.6811601988301030E-006
  0.92407500000000009        7.3308935561224603E-008   1.6327719998141704E-006
  0.92507400000000006        6.8393144819235287E-008   1.5856190968226309E-006
  0.92607300000000015        6.3750041583520999E-008   1.5396736066045005E-006
  0.92707200000000012        5.9367684421871997E-008   1.4949081811124805E-006
  0.92807100000000009        5.5234515923261802E-008   1.4512959994741038E-006
  0.92907000000000006        5.1339354679048024E-008   1.4088107600381347E-006
  0.93006900000000015        4.7671387349573142E-008   1.3674266724961856E-006
  0.93106800000000012        4.4220160815964328E-008   1.3271184500796022E-006
  0.93206700000000009        4.0975574416907300E-008   1.2878613018315190E-006
  0.93306600000000006        3.7927872270178522E-008   1.2496309249542176E-006
  0.93406500000000015        3.5067635678694406E-008   1.2124034972316115E-006
  0.93506400000000012        3.2385775620837498E-008   1.1761556695269738E-006
  0.93606300000000009        2.9873525324806031E-008   1.1408645583557000E-006
  0.93706200000000006        2.7522432926734551E-008   1.1065077385332043E-006
  0.93806100000000014        2.5324354212311021E-008   1.0730632358977781E-006
  0.93906000000000012        2.3271445441622435E-008   1.0405095201084281E-006
  0.94005900000000009        2.1356156256942074E-008   1.0088254975174870E-006
  0.94105800000000006        1.9571222673172210E-008   9.7799050411806799E-007
  0.94205700000000014        1.7909660150644347E-008   9.4798429856611878E-007
  0.94305600000000012        1.6364756749973000E-008   9.1878705527702186E-007
  0.94405500000000009        1.4930066368651774E-008   8.9037935759665695E-007
  0.94505400000000006        1.3599402059075177E-008   8.6274219104670239E-007
  0.94605300000000014        1.2366829427660618E-008   8.3585693664414089E-007
  0.94705200000000012        1.1226660114740909E-008   8.0970536429477120E-007
  0.94805100000000009        1.0173445354887256E-008   7.8426962626050825E-007
  0.94905000000000006        9.2019696173228285E-009   7.5953225070045462E-007
  0.95004900000000014        8.3072443260737086E-009   7.3547613528541794E-007
  0.95104800000000012        7.4845016595038301E-009   7.1208454088579440E-007
  0.95204700000000009        6.7291884288701584E-009   6.8934108533254362E-007
  0.95304600000000006        6.0369600355328148E-009   6.6722973725113291E-007
  0.95404500000000014        5.4036745064457946E-009   6.4573480996817017E-007
  0.95504400000000012        4.8253866075505404E-009   6.2484095549056247E-007
  0.95604300000000009        4.2983420346880685E-009   6.0453315855692966E-007
  0.95704200000000006        3.8189716816416149E-009   5.8479673076104480E-007
  0.95804100000000014        3.3838859849151844E-009   5.6561730474708753E-007
  0.95904000000000011        2.9898693448497741E-009   5.4698082847642324E-007
  0.96003900000000009        2.6338746226727397E-009   5.2887355956563160E-007
  0.96103800000000006        2.3130177130731359E-009   5.1128205969558284E-007
  0.96203700000000014        2.0245721918894209E-009   4.9419318909118461E-007
  0.96303600000000011        1.7659640384928568E-009   4.7759410107160772E-007
  0.96403500000000009        1.5347664324444888E-009   4.6147223667061983E-007
  0.96503400000000006        1.3286946240008530E-009   4.4581531932676553E-007
  0.96603300000000014        1.1456008780381129E-009   4.3061134964307910E-007
  0.96703200000000011        9.8346949096148530E-010   4.1584860021597372E-007
  0.96803100000000009        8.4041188016216172E-010   4.0151561053302848E-007
  0.96903000000000006        7.1466174558116729E-010   3.8760118193929299E-007
  0.97002900000000014        6.0457030293521453E-010   3.7409437267181059E-007
  0.97102800000000011        5.0860158815677186E-010   3.6098449296195926E-007
  0.97202700000000009        4.2532783259676455E-010   3.4826110020528012E-007
  0.97302600000000006        3.5342490853563421E-010   3.3591399419842930E-007
  0.97402500000000014        2.9166784454493884E-010   3.2393321244286368E-007
  0.97502400000000011        2.3892641023897755E-010   3.1230902551488812E-007
  0.97602300000000008        1.9416076995285859E-010   3.0103193250166051E-007
  0.97702200000000006        1.5641720488089692E-010   2.9009265650278597E-007
  0.97802100000000014        1.2482390320637037E-010   2.7948214019705580E-007
  0.97902000000000011        9.8586817751213311E-011   2.6919154147397393E-007
  0.98001900000000008        7.6985590671772321E-011   2.5921222912958428E-007
  0.98101800000000006        5.9369544724459443E-011   2.4953577862624140E-007
  0.98201700000000014        4.5153740622824021E-011   2.4015396791584784E-007
  0.98301600000000011        3.3815100005518995E-011   2.3105877332613932E-007
  0.98401500000000008        2.4888593532552850E-011   2.2224236550956421E-007
  0.98501400000000006        1.7963493625351841E-011   2.1369710545430998E-007
  0.98601300000000014        1.2679691364274874E-011   2.0541554055702064E-007
  0.98701200000000011        8.7240770555377573E-012   1.9739040075673886E-007
  0.98801100000000008        5.8269839778436496E-012   1.8961459472959662E-007
  0.98901000000000006        3.7586948175068499E-012   1.8208120614378803E-007
  0.99000900000000014        2.3260102993920209E-012   1.7478348997433812E-007
  0.99100800000000011        1.3688795196575515E-012   1.6771486887718326E-007
  0.99200700000000008        7.5709148502743801E-013   1.6086892962205707E-007
  0.99300600000000006        3.8702736215583572E-013   1.5423941958370326E-007
  0.99400500000000014        1.7847293956658459E-013   1.4782024329089662E-007
  0.99500400000000011        7.1490803665578727E-014   1.4160545903277255E-007
  0.99600300000000008        2.3351729421214228E-014   1.3558927552193707E-007
  0.99700200000000005        5.5247854941843624E-015   1.2976604861386104E-007
  0.99800100000000014        7.2565286703860496E-016   1.2413027808201313E-007
  0.99900000000000011        2.2655378060983440E-017   1.1867660444822129E-007
