   3.3333000000000000E-003  0.83042569504057084     
   6.6666000000000000E-003  0.81699492334113000     
   9.9998999999999991E-003  0.80447571190602751     
   1.3333200000000000E-002  0.79279318627849538     
   1.6666500000000001E-002  0.78188083115231510     
   1.9999799999999998E-002  0.77167935190938231     
   2.3333099999999999E-002  0.76213571830796578     
   2.6666400000000000E-002  0.75320235717732942     
   2.9999700000000001E-002  0.74483646758158883     
   3.3333000000000002E-002  0.73699943726646122     
   3.6666299999999999E-002  0.72965634325079520     
   3.9999599999999996E-002  0.72277552269841561     
   4.3332900000000001E-002  0.71632820276290587     
   4.6666199999999998E-002  0.71028818012623951     
   4.9999500000000002E-002  0.70463154261024563     
   5.3332800000000000E-002  0.69933642648154493     
   5.6666099999999997E-002  0.69438280428832933     
   5.9999400000000001E-002  0.68975229872898502     
   6.3332700000000006E-002  0.68542801899975636     
   6.6666000000000003E-002  0.68139441638956910     
   6.9999300000000000E-002  0.67763715663085033     
   7.3332599999999998E-002  0.67414300670454175     
   7.6665899999999995E-002  0.67089973425782379     
   7.9999199999999993E-002  0.66789601800005816     
   8.3332500000000004E-002  0.66512136771421648     
   8.6665800000000001E-002  0.66256605270076374     
   8.9999099999999999E-002  0.66022103762954920     
   9.3332399999999996E-002  0.65807792490619743     
   9.6665699999999993E-002  0.65612890282891190     
   9.9999000000000005E-002  0.65436669882150689     
  0.10333230000000000       0.65278453722079632     
  0.10666560000000000       0.65137610107663946     
  0.10999890000000000       0.65013549753167865     
  0.11333219999999999       0.64905722642494279     
  0.11666550000000001       0.64813615172611971     
  0.11999880000000000       0.64736747556275454     
  0.12333210000000000       0.64674671454005850     
  0.12666540000000001       0.64626967810899050     
  0.12999869999999999       0.64593244884323386     
  0.13333200000000001       0.64573136434695755     
  0.13666529999999999       0.64566300071415839     
  0.13999860000000000       0.64572415736086075     
  0.14333190000000001       0.64591184307776217     
  0.14666520000000000       0.64622326324985657     
  0.14999850000000001       0.64665580807308221     
  0.15333179999999999       0.64720704172531729     
  0.15666510000000000       0.64787469238101192     
  0.15999839999999999       0.64865664300770565     
  0.16333170000000000       0.64955092287670713     
  0.16666500000000001       0.65055569972214400     
  0.16999829999999999       0.65166927249229456     
  0.17333160000000000       0.65289006466373589     
  0.17666489999999999       0.65421661804483389     
  0.17999820000000000       0.65564758704204085     
  0.18333150000000001       0.65718173337436792     
  0.18666479999999999       0.65881792114927951     
  0.18999810000000000       0.66055511232918640     
  0.19333139999999999       0.66239236252076950     
  0.19666470000000000       0.66432881708706759     
  0.19999800000000001       0.66636370752797269     
  0.20333129999999999       0.66849634815890902     
  0.20666460000000000       0.67072613300995787     
  0.20999789999999999       0.67305253297602619     
  0.21333120000000000       0.67547509318042209     
  0.21666450000000001       0.67799343053462913     
  0.21999779999999999       0.68060723148972713     
  0.22333110000000000       0.68331624997404194     
  0.22666439999999999       0.68612030548054204     
  0.22999770000000000       0.68901928132905077     
  0.23333100000000001       0.69201312305553486     
  0.23666429999999999       0.69510183695702388     
  0.23999760000000001       0.69828548876198493     
  0.24333089999999999       0.70156420241827000     
  0.24666420000000000       0.70493815900354306     
  0.24999750000000001       0.70840759575163670     
  0.25333080000000002       0.71197280517236727     
  0.25666410000000001       0.71563413428958889     
  0.25999739999999999       0.71939198395483128     
  0.26333069999999997       0.72324680827298149     
  0.26666400000000001       0.72719911410670246     
  0.26999730000000000       0.73124946066296381     
  0.27333059999999998       0.73539845917161006     
  0.27666390000000002       0.73964677263445022     
  0.27999720000000000       0.74399511565703680     
  0.28333049999999999       0.74844425435318662     
  0.28666380000000002       0.75299500632046712     
  0.28999710000000001       0.75764824068953462     
  0.29333039999999999       0.76240487824068559     
  0.29666369999999997       0.76726589159425984     
  0.29999700000000001       0.77223230545548915     
  0.30333030000000000       0.77730519694150235     
  0.30666359999999998       0.78248569596013340     
  0.30999690000000002       0.78777498566515725     
  0.31333020000000000       0.79317430296792502     
  0.31666349999999999       0.79868493911379179     
  0.31999679999999997       0.80430824032577952     
  0.32333010000000001       0.81004560851491991     
  0.32666339999999999       0.81589850204826231     
  0.32999669999999998       0.82186843658582642     
  0.33333000000000002       0.82795698598570056     
  0.33666330000000000       0.83416578326800384     
  0.33999659999999998       0.84049652165358868     
  0.34332990000000002       0.84695095566320600     
  0.34666320000000000       0.85353090229653983     
  0.34999649999999999       0.86023824226699741     
  0.35332979999999997       0.86707492132043207     
  0.35666310000000001       0.87404295162365475     
  0.35999639999999999       0.88114441322126869     
  0.36332969999999998       0.88838145558320925     
  0.36666300000000002       0.89575629921414546     
  0.36999630000000000       0.90327123735731707     
  0.37332959999999998       0.91092863777950672     
  0.37666290000000002       0.91873094462811000     
  0.37999620000000001       0.92668068040129281     
  0.38332949999999999       0.93478044798522841     
  0.38666279999999997       0.94303293280040279     
  0.38999610000000001       0.95144090504006851     
  0.39332940000000000       0.96000722200906274     
  0.39666269999999998       0.96873483057049459     
  0.39999600000000002       0.97762676969603834     
  0.40332930000000000       0.98668617313546481     
  0.40666259999999999       0.99591627219162149     
  0.40999590000000002        1.0053203986293724     
  0.41332920000000001        1.0149019877041088     
  0.41666249999999999        1.0246645813178246     
  0.41999579999999997        1.0346118313185659     
  0.42332910000000001        1.0447475029402131     
  0.42666240000000000        1.0550754783837490     
  0.42999569999999998        1.0655997605655498     
  0.43332900000000002        1.0763244770114699     
  0.43666230000000000        1.0872538839309831     
  0.43999559999999999        1.0983923704621867     
  0.44332889999999997        1.1097444630967512     
  0.44666220000000001        1.1213148303041098     
  0.44999549999999999        1.1331082873447418     
  0.45332879999999998        1.1451298013033906     
  0.45666210000000002        1.1573844963355118     
  0.45999540000000000        1.1698776591433147     
  0.46332869999999998        1.1826147446920343     
  0.46666200000000002        1.1956013821780909     
  0.46999530000000000        1.2088433812573740     
  0.47332859999999999        1.2223467385573450     
  0.47666189999999997        1.2361176444680044     
  0.47999520000000001        1.2501624902424346     
  0.48332849999999999        1.2644878754173527     
  0.48666179999999998        1.2791006155639106     
  0.48999510000000002        1.2940077503914571     
  0.49332840000000000        1.3092165522182064     
  0.49666169999999998        1.3247345348347928     
  0.49999500000000002        1.3405694627706133     
  0.50332829999999995        1.3567293609865194     
  0.50666160000000005        1.3732225250268737     
  0.50999490000000003        1.3900575316381669     
  0.51332820000000001        1.4072432498874798     
  0.51666150000000000        1.4247888528127417     
  0.51999479999999998        1.4427038296224159     
  0.52332809999999996        1.4609979984772981     
  0.52666139999999995        1.4796815198948376     
  0.52999470000000004        1.4987649107940149     
  0.53332800000000002        1.5182590592328848     
  0.53666130000000001        1.5381752398641479     
  0.53999459999999999        1.5585251301560632     
  0.54332789999999997        1.5793208274170967     
  0.54666119999999996        1.6005748666782837     
  0.54999449999999994        1.6223002394675889     
  0.55332780000000004        1.6445104135419664     
  0.55666110000000002        1.6672193536258373     
  0.55999440000000000        1.6904415432154707     
  0.56332769999999999        1.7141920075083306     
  0.56666099999999997        1.7384863375330406     
  0.56999429999999995        1.7633407155404734     
  0.57332760000000005        1.7887719417424508     
  0.57666090000000003        1.8147974624673324     
  0.57999420000000002        1.8414353998312372     
  0.58332750000000000        1.8687045830101834     
  0.58666079999999998        1.8966245812135574     
  0.58999409999999997        1.9252157384636703     
  0.59332739999999995        1.9544992103057268     
  0.59666070000000004        1.9844970025449715     
  0.59999400000000003        2.0152320121714640     
  0.60332730000000001        2.0467280705897872     
  0.60666059999999999        2.0790099893167158     
  0.60999389999999998        2.1121036082955458     
  0.61332719999999996        2.1460358470127172     
  0.61666049999999994        2.1808347585894783     
  0.61999380000000004        2.2165295870628210     
  0.62332710000000002        2.2531508280528190     
  0.62666040000000001        2.2907302930615936     
  0.62999369999999999        2.3293011776431838     
  0.63332699999999997        2.3688981337169235     
  0.63666029999999996        2.4095573463154274     
  0.63999359999999994        2.4513166150636367     
  0.64332690000000003        2.4942154407488593     
  0.64666020000000002        2.5382951173255730     
  0.64999350000000000        2.5835988297529866     
  0.65332679999999999        2.6301717580925477     
  0.65666009999999997        2.6780611883229666     
  0.65999339999999995        2.7273166303679597     
  0.66332670000000005        2.7779899438816091     
  0.66666000000000003        2.8301354723641925     
  0.66999330000000001        2.8838101862612486     
  0.67332660000000000        2.9390738357127466     
  0.67665989999999998        2.9959891137211647     
  0.67999319999999996        3.0546218305404382     
  0.68332649999999995        3.1150411001769740     
  0.68665980000000004        3.1773195399660947     
  0.68999310000000003        3.2415334842799126     
  0.69332640000000001        3.3077632135138701     
  0.69665969999999999        3.3760931996028587     
  0.69999299999999998        3.4466123694463224     
  0.70332629999999996        3.5194143877315121     
  0.70665959999999994        3.5945979608018597     
  0.70999290000000004        3.6722671633764081     
  0.71332620000000002        3.7525317900763300     
  0.71665950000000000        3.8355077339410126     
  0.71999279999999999        3.9213173943100088     
  0.72332609999999997        4.0100901166770342     
  0.72665939999999996        4.1019626674201781     
  0.72999270000000005        4.1970797465654242     
  0.73332600000000003        4.2955945421016661     
  0.73665930000000002        4.3976693297118619     
  0.73999260000000000        4.5034761222043196     
  0.74332589999999998        4.6131973733807285     
  0.74665919999999997        4.7270267415929323     
  0.74999249999999995        4.8451699188138075     
  0.75332580000000005        4.9678455316893411     
  0.75665910000000003        5.0952861217776757     
  0.75999240000000001        5.2277392129778777     
  0.76332570000000000        5.3654684750941595     
  0.76665899999999998        5.5087549935077584     
  0.76999229999999996        5.6578986561079736     
  0.77332559999999995        5.8132196699788752     
  0.77665890000000004        5.9750602218374027     
  0.77999220000000002        6.1437862979491609     
  0.78332550000000001        6.3197896811999943     
  0.78665879999999999        6.5034901452502014     
  0.78999209999999997        6.6953378682324871     
  0.79332539999999996        6.8958160913925370     
  0.79665869999999994        7.1054440514307871     
  0.79999200000000004        7.3247802191373168     
  0.80332530000000002        7.5544258813786458     
  0.80665860000000000        7.7950291086158252     
  0.80999189999999999        8.0472891560554380     
  0.81332519999999997        8.3119613534261561     
  0.81665849999999995        8.5898625463865397     
  0.81999180000000005        8.8818771618614178     
  0.82332510000000003        9.1889639805336607     
  0.82665840000000002        9.5121637124647265     
  0.82999170000000000        9.8526074868274591     
  0.83332499999999998        10.211526384408476     
  0.83665829999999997        10.590262162452913     
  0.83999159999999995        10.990279346183730     
  0.84332490000000004        11.413178890856667     
  0.84665820000000003        11.860713653383703     
  0.84999150000000001        12.334805954807869     
  0.85332479999999999        12.837567565624619     
  0.85665809999999998        13.371322507302441     
  0.85999139999999996        13.938633137669342     
  0.86332469999999994        14.542330078412657     
  0.86665800000000004        15.185546653745652     
  0.86999130000000002        15.871758645504386     
  0.87332460000000001        16.604830338282195     
  0.87665789999999999        17.389068037246048     
  0.87999119999999997        18.229282502407539     
  0.88332449999999996        19.130862071104417     
  0.88665779999999994        20.099858654997970     
  0.88999110000000003        21.143089325219755     
  0.89332440000000002        22.268256874561111     
  0.89665770000000000        23.484093616668368     
  0.89999099999999999        24.800533814174976     
  0.90332429999999997        26.228921610720036     
  0.90665759999999995        27.782263301213519     
  0.90999090000000005        29.475535387025008     
  0.91332420000000003        31.326063379281010     
  0.91665750000000001        33.353991095909528     
  0.91999080000000000        35.582866774204703     
  0.92332409999999998        38.040381470505544     
  0.92665739999999996        40.759308112324554     
  0.92999069999999995        43.778707988872156     
  0.93332400000000004        47.145498177136027     
  0.93665730000000003        50.916512765893970     
  0.93999060000000001        55.161249788913722     
  0.94332389999999999        59.965586088483832     
  0.94665719999999998        65.436883436540967     
  0.94999049999999996        71.711135001068044     
  0.95332379999999994        78.963172114940576     
  0.95665710000000004        87.421578879484116     
  0.95999040000000002        97.391060283015292     
  0.96332370000000000        109.28700591077609     
  0.96665699999999999        123.69078394299731     
  0.96999029999999997        141.44188411761988     
  0.97332359999999996        163.79914109020186     
  0.97665689999999994        192.74008989397333     
  0.97999020000000003        231.55952825383827     
  0.98332350000000002        286.18592568286442     
  0.98665680000000000        368.47097172208373     
  0.98999009999999998        506.05165783350765     
  0.99332339999999997        781.75430999841615     
  0.99665669999999995        1608.7157021201531     
  0.99999000000000005        554242.24495235656     
