   9.9989999999999996E-004   2.3038895441898646E-002   6.1074302079503692E-003
   1.9997999999999999E-003   3.2098398801948022E-002   1.1961865947143369E-002
   2.9997000000000001E-003   3.9067910364677223E-002   1.7585064315006515E-002
   3.9995999999999999E-003   4.4919411522780596E-002   2.2996010696830771E-002
   4.9994999999999996E-003   4.9986857428928132E-002   2.8211369057267319E-002
   5.9994000000000002E-003   5.4593391896444673E-002   3.3245845124797446E-002
   6.9993000000000000E-003   5.8727247800578579E-002   3.8112481766127790E-002
   7.9991999999999997E-003   6.2648450317022403E-002   4.2822901074259095E-002
   8.9990999999999995E-003   6.6262680035111335E-002   4.7387504215763661E-002
   9.9989999999999992E-003   6.9616763103552123E-002   5.1815637519323159E-002
   1.0998899999999999E-002   7.2902728094241975E-002   5.6115731378170441E-002
   1.1998800000000000E-002   7.5996862755016784E-002   6.0295417102749965E-002
   1.2998700000000000E-002   7.8920770105599475E-002   6.4361625769402936E-002
   1.3998600000000000E-002   8.1692260703139313E-002   6.8320672275723027E-002
   1.4998500000000000E-002   8.4326145639578701E-002   7.2178327168386888E-002
   1.5998399999999999E-002   8.6989745658426099E-002   7.5939878307520678E-002
   1.6998300000000001E-002   8.9541776602461765E-002   7.9610184038448009E-002
   1.7998199999999999E-002   9.1990763469422462E-002   8.3193719231348148E-002
   1.8998100000000000E-002   9.4344323127263041E-002   8.6694615302891034E-002
   1.9997999999999998E-002   9.6609134733172813E-002   9.0116695136962702E-002
   2.0997900000000000E-002   9.8791096846141874E-002   9.3463503663261810E-002
   2.1997799999999998E-002  0.10089545197883748        9.6738334724569913E-002
   2.2997699999999999E-002  0.10305101334314498        9.9944254759518902E-002
   2.3997600000000001E-002  0.10513943658437944       0.10308412374274289     
   2.4997499999999999E-002  0.10716408006438073       0.10616061375460653     
   2.5997400000000000E-002  0.10912823862901243       0.10917622549525970     
   2.6997299999999998E-002  0.11103491453730918       0.11213330301017986     
   2.7997200000000000E-002  0.11288685360536686       0.11503404685482997     
   2.8997099999999998E-002  0.11468657574494792       0.11788052589301140     
   2.9996999999999999E-002  0.11643640092968111       0.12067468789583723     
   3.0996899999999997E-002  0.11813847140333332       0.12341836908496984     
   3.1996799999999999E-002  0.11979477077796040       0.12611330274410296     
   3.2996699999999997E-002  0.12157433680803767       0.12876112700603809     
   3.3996600000000002E-002  0.12331314722388935       0.13136339190855947     
   3.4996500000000000E-002  0.12501214560021584       0.13392156580024123     
   3.5996399999999998E-002  0.12667271565716570       0.13643704116702154     
   3.6996299999999996E-002  0.12829615479281242       0.13891113994153043     
   3.7996200000000001E-002  0.12988368178214543       0.14134511834955435     
   3.8996099999999999E-002  0.13143644360142867       0.14374017134145550     
   3.9995999999999997E-002  0.13295552149731432       0.14609743665070773     
   4.0995900000000002E-002  0.13444193640121663       0.14841799851676771     
   4.1995800000000000E-002  0.13589665377394378       0.15070289110527055     
   4.2995699999999998E-002  0.13732058795278315       0.15295310165475867     
   4.3995599999999996E-002  0.13871460606261515       0.15516957337597112     
   4.4995500000000001E-002  0.14007953154377883       0.15735320812681364     
   4.5995399999999999E-002  0.14141614734200156       0.15950486888368606     
   4.6995299999999997E-002  0.14272519879947532       0.16162538202762039     
   4.7995200000000002E-002  0.14400739628090281       0.16371553946177461     
   4.8995100000000000E-002  0.14526341756388039       0.16577610057510120     
   4.9994999999999998E-002  0.14649391001919448       0.16780779406553911     
   5.0994899999999996E-002  0.14787122630295757       0.16981131963470711     
   5.1994800000000001E-002  0.14922532012636849       0.17178734956492248     
   5.2994699999999999E-002  0.15055584133566560       0.17373653018830262     
   5.3994599999999997E-002  0.15186328173224517       0.17565948325677905     
   5.4994499999999995E-002  0.15314811390144867       0.17755680722101480     
   5.5994400000000000E-002  0.15441079233942848       0.17942907842547093     
   5.6994299999999998E-002  0.15565175449422172       0.18127685222620299     
   5.7994199999999996E-002  0.15687142172897786       0.18310066403737416     
   5.8994100000000001E-002  0.15807020021442625       0.18490103031192109     
   5.9993999999999999E-002  0.15924848175691123       0.18667844946135029     
   6.0993899999999997E-002  0.16040664456766318       0.18843340271918044     
   6.1993799999999995E-002  0.16154505397838778       0.19016635495218803     
   6.2993700000000000E-002  0.16266406310773987       0.19187775542322624     
   6.3993599999999998E-002  0.16376401348279479       0.19356803850909998     
   6.4993499999999996E-002  0.16484523561922348       0.19523762437666872     
   6.5993399999999994E-002  0.16590804956352309       0.19688691962010088     
   6.6993299999999992E-002  0.16695276540033141       0.19851631786196022     
   6.7993200000000004E-002  0.16797968372757330       0.20012620032058992     
   6.8993100000000002E-002  0.16898909610193041       0.20171693634607463     
   6.9993000000000000E-002  0.16998128545690167       0.20328888392686154     
   7.0992899999999998E-002  0.17095652649551507       0.20484239016898331     
   7.1992799999999996E-002  0.17191508605957315       0.20637779174965998     
   7.2992699999999994E-002  0.17285722347714610       0.20789541534693481     
   7.3992599999999992E-002  0.17378319088988323       0.20939557804686271     
   7.4992500000000004E-002  0.17469323356157632       0.21087858772966597     
   7.5992400000000002E-002  0.17575164647419603       0.21234474343617182     
   7.6992300000000000E-002  0.17679562981776126       0.21379433571573783     
   7.7992199999999998E-002  0.17782414429459806       0.21522764695679630     
   7.8992099999999996E-002  0.17883738637371546       0.21664495170106537     
   7.9991999999999994E-002  0.17983554788665798       0.21804651694240115     
   8.0991899999999992E-002  0.18081881620625134       0.21943260241118806     
   8.1991800000000004E-002  0.18178737441615903       0.22080346084512975     
   8.2991700000000002E-002  0.18274140147182949       0.22215933824720580     
   8.3991600000000000E-002  0.18368107235337514       0.22350047413154198     
   8.4991499999999998E-002  0.18460655821088018       0.22482710175787432     
   8.5991399999999996E-002  0.18551802650260019       0.22613944835524213     
   8.6991299999999994E-002  0.18641564112648326       0.22743773533551689     
   8.7991199999999992E-002  0.18729956254540972       0.22872217849731102     
   8.8991100000000004E-002  0.18816994790652219       0.22999298822081024     
   8.9991000000000002E-002  0.18902695115498858       0.23125036965399723     
   9.0990900000000000E-002  0.18987072314252093       0.23249452289073996     
   9.1990799999999998E-002  0.19070141173094743       0.23372564314117161     
   9.2990699999999996E-002  0.19151916189111662       0.23494392089475966     
   9.3990599999999994E-002  0.19232411579739378       0.23614954207645625     
   9.4990499999999992E-002  0.19311641291799336       0.23734268819627244     
   9.5990400000000003E-002  0.19389619010137307       0.23852353649261326     
   9.6990300000000002E-002  0.19466358165890327       0.23969226006970135     
   9.7990200000000000E-002  0.19541871944400940       0.24084902802936481     
   9.8990099999999998E-002  0.19616173292797515       0.24199400559748929     
   9.9989999999999996E-002  0.19689274927257944       0.24312735424537327     
  0.10098989999999999       0.19776007510990898       0.24424923180626126     
  0.10198979999999999       0.19861673759162027       0.24535979258726032     
  0.10298969999999999       0.19946134546382835       0.24645918747688852     
  0.10398960000000000       0.20029400481078063       0.24754756404843747     
  0.10498950000000000       0.20111482014273266       0.24862506665936002     
  0.10598940000000000       0.20192389443869999       0.24969183654686652     
  0.10698930000000000       0.20272132918759625       0.25074801191990742     
  0.10798919999999999       0.20350722442783040       0.25179372804769273     
  0.10898909999999999       0.20428167878543843       0.25282911734493380     
  0.10998899999999999       0.20504478951081348       0.25385430945392073     
  0.11098890000000000       0.20579665251410303       0.25486943132361550     
  0.11198880000000000       0.20653736239933007       0.25587460728585310     
  0.11298870000000000       0.20726701249729809       0.25686995912881450     
  0.11398860000000000       0.20798569489733307       0.25785560616786396     
  0.11498849999999999       0.20869350047791413       0.25883166531388158     
  0.11598839999999999       0.20939051893624172       0.25979825113918520     
  0.11698829999999999       0.21007683881678987       0.26075547594115861     
  0.11798820000000000       0.21075254753888506       0.26170344980367499     
  0.11898810000000000       0.21141773142335463       0.26264228065640577     
  0.11998800000000000       0.21207247571828300       0.26357207433211155     
  0.12098790000000000       0.21271686462391443       0.26449293462199175     
  0.12198779999999999       0.21335098131673630       0.26540496332917418     
  0.12298769999999999       0.21397490797277766       0.26630826032042104     
  0.12398759999999999       0.21458872579015550       0.26720292357612918     
  0.12498750000000000       0.21519251501089801       0.26808904923867777     
  0.12598740000000000       0.21592126975378156       0.26896673165920865     
  0.12698730000000000       0.21664135674299706       0.26983606344288724     
  0.12798720000000000       0.21735113504578110       0.27069713549270502     
  0.12898709999999999       0.21805067418027113       0.27155003705189418     
  0.12998699999999999       0.21874004302850680       0.27239485574498623     
  0.13098689999999999       0.21941930984842486       0.27323167761758804     
  0.13198679999999999       0.22008854228551755       0.27406058717490750     
  0.13298669999999999       0.22074780738416094       0.27488166741908809     
  0.13398659999999998       0.22139717159862901       0.27569499988539620     
  0.13498649999999998       0.22203670080380208       0.27650066467728435     
  0.13598640000000001       0.22266646030558246       0.27729874050041037     
  0.13698630000000001       0.22328651485102488       0.27808930469561571     
  0.13798620000000000       0.22389692863819524       0.27887243327091477     
  0.13898610000000000       0.22449776532576310       0.27964820093253728     
  0.13998600000000000       0.22508908804233974       0.28041668111504586     
  0.14098590000000000       0.22567095939556941       0.28117794601057156     
  0.14198580000000000       0.22624344148098291       0.28193206659719289     
  0.14298569999999999       0.22680659589061955       0.28267911266649187     
  0.14398559999999999       0.22736048372142720       0.28341915285031755     
  0.14498549999999999       0.22790516558344684       0.28415225464677474     
  0.14598539999999999       0.22844070160778934       0.28487848444548741     
  0.14698529999999999       0.22896715145440957       0.28559790755213171     
  0.14798519999999998       0.22948457431968594       0.28631058821228494     
  0.14898509999999998       0.22999302894381207       0.28701658963461252     
  0.14998500000000001       0.23049257361800427       0.28771597401340565     
  0.15098490000000001       0.23112295140389644       0.28840880255049905     
  0.15198480000000000       0.23174603752904865       0.28909513547658516     
  0.15298470000000000       0.23235975203513742       0.28977503207195165     
  0.15398460000000000       0.23296414679095592       0.29044855068664915     
  0.15498450000000000       0.23355927339939542       0.29111574876012847     
  0.15598440000000000       0.23414518320018887       0.29177668284033559     
  0.15698429999999999       0.23472192727260835       0.29243140860231143     
  0.15798419999999999       0.23528955643811320       0.29307998086629572     
  0.15898409999999999       0.23584812126295562       0.29372245361535182     
  0.15998399999999999       0.23639767206073775       0.29435888001252841     
  0.16098389999999999       0.23693825889492820       0.29498931241758519     
  0.16198379999999998       0.23746993158133292       0.29561380240327689     
  0.16298369999999998       0.23799273969052592       0.29623240077121965     
  0.16398360000000001       0.23850673255023702       0.29684515756735613     
  0.16498350000000001       0.23901195924770094       0.29745212209702088     
  0.16598340000000000       0.23950846863196579       0.29805334293963581     
  0.16698330000000000       0.23999630931616273       0.29864886796302037     
  0.16798320000000000       0.24047552967973879       0.29923874433735909     
  0.16898310000000000       0.24094617787065137       0.29982301854881377     
  0.16998300000000000       0.24140830180752684       0.30040173641280049     
  0.17098289999999999       0.24186194918178411       0.30097494308693773     
  0.17198279999999999       0.24230716745972267       0.30154268308368870     
  0.17298269999999999       0.24274400388457609       0.30210500028268172     
  0.17398259999999999       0.24317250547853297       0.30266193794273777     
  0.17498249999999999       0.24359271904472490       0.30321353871361506     
  0.17598239999999998       0.24414118320159062       0.30375984464746375     
  0.17698229999999998       0.24468319233670902       0.30430089721000952     
  0.17798220000000001       0.24521635217024218       0.30483673729147848     
  0.17898210000000001       0.24574070580531746       0.30536740521725630     
  0.17998200000000000       0.24625629623874085       0.30589294075830270     
  0.18098190000000000       0.24676316636069429       0.30641338314132105     
  0.18198180000000000       0.24726135895445631       0.30692877105869121     
  0.18298170000000000       0.24775091669614382       0.30743914267817890     
  0.18398160000000000       0.24823188215447572       0.30794453565241064     
  0.18498149999999999       0.24870429779055533       0.30844498712814411     
  0.18598139999999999       0.24916820595767397       0.30894053375532088     
  0.18698129999999999       0.24962364890113037       0.30943121169591536     
  0.18798119999999999       0.25007066875806999       0.30991705663258634     
  0.18898109999999999       0.25050930755733980       0.31039810377713201     
  0.18998099999999998       0.25093960721936021       0.31087438787875871     
  0.19098089999999998       0.25136160955601133       0.31134594323216630     
  0.19198080000000001       0.25177535627053582       0.31181280368545305     
  0.19298070000000001       0.25218088895745350       0.31227500264784730     
  0.19398060000000000       0.25257824910249238       0.31273257309727420     
  0.19498050000000000       0.25296747808253039       0.31318554758774941     
  0.19598040000000000       0.25334861716555118       0.31363395825662310     
  0.19698030000000000       0.25372170751061102       0.31407783683165530     
  0.19798020000000000       0.25408679016781716       0.31451721463795584     
  0.19898009999999999       0.25444390607831813       0.31495212260475663     
  0.19997999999999999       0.25479309607430284       0.31538259127205642     
  0.20097989999999999       0.25527021979322700       0.31580865079711984     
  0.20197979999999999       0.25574151277231622       0.31623033096083153     
  0.20297969999999999       0.25620423413489535       0.31664766117393078     
  0.20397959999999998       0.25665842271964340       0.31706067048310693     
  0.20497949999999998       0.25710411733308891       0.31746938757696747     
  0.20597939999999998       0.25754135674825485       0.31787384079188846     
  0.20697930000000000       0.25797017970334202       0.31827405811774578     
  0.20797920000000000       0.25839062490044828       0.31867006720351615     
  0.20897910000000000       0.25880273100432311       0.31906189536277862     
  0.20997900000000000       0.25920653664115667       0.31944956957909770     
  0.21097890000000000       0.25960208039740301       0.31983311651129576     
  0.21197880000000000       0.25998940081863381       0.32021256249862567     
  0.21297869999999999       0.26036853640842628       0.32058793356583354     
  0.21397859999999999       0.26073952562727876       0.32095925542811915     
  0.21497849999999999       0.26110240689155823       0.32132655349600914     
  0.21597839999999999       0.26145721857247561       0.32168985288012047     
  0.21697829999999999       0.26180399899508910       0.32204917839583769     
  0.21797819999999998       0.26214278643733463       0.32240455456789457     
  0.21897809999999998       0.26247361912908357       0.32275600563486956     
  0.21997799999999998       0.26279653525122471       0.32310355555359371     
  0.22097790000000000       0.26311157293477255       0.32344722800346548     
  0.22197780000000000       0.26341877025999882       0.32378704639069655     
  0.22297770000000000       0.26371816525558828       0.32412303385246310     
  0.22397760000000000       0.26400979589781659       0.32445521326098486     
  0.22497750000000000       0.26429370010975156       0.32478360722752192     
  0.22597739999999999       0.26471770348872342       0.32510823810629913     
  0.22697729999999999       0.26513656342566083       0.32542912799835766     
  0.22797719999999999       0.26554690471780784       0.32574629875532879     
  0.22897709999999999       0.26594876446042720       0.32605977198313940     
  0.22997699999999999       0.26634217975665542       0.32636956904564968     
  0.23097689999999999       0.26672718771572601       0.32667571106822568     
  0.23197679999999998       0.26710382545123268       0.32697821894123469     
  0.23297669999999998       0.26747213007942977       0.32727711332349063     
  0.23397659999999998       0.26783213871757006       0.32757241464562936     
  0.23497650000000000       0.26818388848227798       0.32786414311341305     
  0.23597640000000000       0.26852741648795936       0.32815231871099487     
  0.23697630000000000       0.26886275984524438       0.32843696120410709     
  0.23797620000000000       0.26918995565946469       0.32871809014319742     
  0.23897610000000000       0.26950904102916295       0.32899572486650835     
  0.23997599999999999       0.26982005304463447       0.32926988450310540     
  0.24097589999999999       0.27012302878649957       0.32954058797584379     
  0.24197579999999999       0.27041800532430726       0.32980785400428797     
  0.24297569999999999       0.27070501971516719       0.33007170110757467     
  0.24397559999999999       0.27098410900241221       0.33033214760723245     
  0.24497549999999998       0.27125531021428678       0.33058921162994331     
  0.24597539999999998       0.27151866036266636       0.33084291111026032     
  0.24697529999999998       0.27177419644180034       0.33109326379328013     
  0.24797519999999998       0.27202195542708324       0.33134028723726472     
  0.24897510000000000       0.27226197427385079       0.33158399881621381     
  0.24997500000000000       0.27249428991620173       0.33182441572240895     
  0.25097490000000000       0.27286646344401461       0.33206155496888834     
  0.25197480000000000       0.27323383166461657       0.33229543339190931     
  0.25297470000000000       0.27359263648946991       0.33252606765334219     
  0.25397459999999999       0.27394291505781504       0.33275347424303620     
  0.25497449999999999       0.27428470453379467       0.33297766948115004     
  0.25597439999999999       0.27461804210458635       0.33319866952042282     
  0.25697429999999999       0.27494296497857196       0.33341649034843662     
  0.25797419999999999       0.27525951038354068       0.33363114778981318     
  0.25897409999999998       0.27556771556492621       0.33384265750838688     
  0.25997399999999998       0.27586761778407581       0.33405103500934696     
  0.26097389999999998       0.27615925431655264       0.33425629564132864     
  0.26197379999999998       0.27644266245046956       0.33445845459848306     
  0.26297369999999998       0.27671787948485377       0.33465752692250783     
  0.26397359999999997       0.27698494272804014       0.33485352750464087     
  0.26497349999999997       0.27724388949609674       0.33504647108763225     
  0.26597339999999997       0.27749475711127697       0.33523637226767156     
  0.26697329999999997       0.27773758290050149       0.33542324549629016     
  0.26797319999999997       0.27797240419386682       0.33560710508223246     
  0.26897309999999996       0.27819925832318099       0.33578796519329734     
  0.26997299999999996       0.27841818262052748       0.33596583985814649     
  0.27097290000000002       0.27862921441685234       0.33614074296808977     
  0.27197280000000001       0.27883239104057950       0.33631268827883082     
  0.27297270000000001       0.27902774981624834       0.33648168941220352     
  0.27397260000000001       0.27921532806317806       0.33664775985786188     
  0.27497250000000001       0.27939516309415441       0.33681091297495042     
  0.27597240000000001       0.27972043131036911       0.33697116199375554     
  0.27697230000000000       0.28004129999396260       0.33712852001731508     
  0.27797220000000000       0.28035346185851373       0.33728300002302108     
  0.27897210000000000       0.28065695532151330       0.33743461486418225     
  0.27997200000000000       0.28095181883147646       0.33758337727157162     
  0.28097190000000000       0.28123809086608870       0.33772929985494043     
  0.28197179999999999       0.28151580993038261       0.33787239510452455     
  0.28297169999999999       0.28178501455494481       0.33801267539250718     
  0.28397159999999999       0.28204574329415283       0.33815015297448059     
  0.28497149999999999       0.28229803472444043       0.33828483999086445     
  0.28597139999999999       0.28254192744259254       0.33841674846832104     
  0.28697129999999998       0.28277746006406795       0.33854589032113830     
  0.28797119999999998       0.28300467122134948       0.33867227735258909     
  0.28897109999999998       0.28322359956232007       0.33879592125627950     
  0.28997099999999998       0.28343428374866719       0.33891683361747804     
  0.29097089999999998       0.28363676245431185       0.33903502591440643     
  0.29197079999999997       0.28383107436386407       0.33915050951953363     
  0.29297069999999997       0.28401725817110135       0.33926329570083696     
  0.29397059999999997       0.28419535257747403       0.33937339562305041     
  0.29497049999999997       0.28436539629063362       0.33948082034888966     
  0.29597039999999997       0.28452742802298431       0.33958558084026130     
  0.29697029999999996       0.28468148649025787       0.33968768795945858     
  0.29797019999999996       0.28482761041011151       0.33978715247033120     
  0.29897010000000002       0.28496583850074814       0.33988398503944639     
  0.29997000000000001       0.28509620947955727       0.33997819623722081     
  0.30096990000000001       0.28538373193300648       0.34006979653905389     
  0.30196980000000001       0.28566736262037845       0.34015879632642765     
  0.30296970000000001       0.28594202105921862       0.34024520588800350     
  0.30396960000000001       0.28620774800845561       0.34032903542069076     
  0.30496950000000000       0.28646458425875404       0.34041029503071374     
  0.30596940000000000       0.28671257063068611       0.34048899473464977     
  0.30696930000000000       0.28695174797293144       0.34056514446046116     
  0.30796920000000000       0.28718215716050333       0.34063875404851379     
  0.30896910000000000       0.28740383909300221       0.34070983325257187     
  0.30996899999999999       0.28761683469289306       0.34077839174078683     
  0.31096889999999999       0.28782118490381087       0.34084443909667256     
  0.31196879999999999       0.28801693068889012       0.34090798482005635     
  0.31296869999999999       0.28820411302911847       0.34096903832803210     
  0.31396859999999999       0.28838277292171510       0.34102760895588963     
  0.31496849999999998       0.28855295137853287       0.34108370595802817     
  0.31596839999999998       0.28871468942448403       0.34113733850887201     
  0.31696829999999998       0.28886802809598838       0.34118851570375713     
  0.31796819999999998       0.28901300843944422       0.34123724655981558     
  0.31896809999999998       0.28914967150972137       0.34128354001684102     
  0.31996799999999997       0.28927805836867693       0.34132740493814745     
  0.32096789999999997       0.28939821008369082       0.34136885011141527     
  0.32196779999999997       0.28951016772622351       0.34140788424952512     
  0.32296769999999997       0.28961397237039349       0.34144451599138093     
  0.32396759999999997       0.28970966509157731       0.34147875390271437     
  0.32496749999999996       0.28979728696502638       0.34151060647689224     
  0.32596739999999996       0.29004362250130356       0.34154008213570269     
  0.32696729999999996       0.29028627074251900       0.34156718923013418     
  0.32796720000000001       0.29051965231188359       0.34159193604114413     
  0.32896710000000001       0.29074381115311687       0.34161433078041370     
  0.32996700000000001       0.29095879123606533       0.34163438159109832     
  0.33096690000000001       0.29116463655492897       0.34165209654856454     
  0.33196680000000001       0.29136139112651349       0.34166748366111571     
  0.33296670000000000       0.29154909898850695       0.34168055087071281     
  0.33396660000000000       0.29172780419777772       0.34169130605368386     
  0.33496650000000000       0.29189755082869689       0.34169975702141731     
  0.33596640000000000       0.29205838297148401       0.34170591152105606     
  0.33696630000000000       0.29221034473057300       0.34170977723618295     
  0.33796619999999999       0.29235348022300250       0.34171136178747930     
  0.33896609999999999       0.29248783357682545       0.34171067273340339     
  0.33996599999999999       0.29261344892954150       0.34170771757083562     
  0.34096589999999999       0.29273037042655020       0.34170250373572464     
  0.34196579999999999       0.29283864221962397       0.34169503860373168     
  0.34296569999999998       0.29293830846540148       0.34168532949084846     
  0.34396559999999998       0.29302941332390170       0.34167338365403221     
  0.34496549999999998       0.29311200095705664       0.34165920829180657     
  0.34596539999999998       0.29318611552726453       0.34164281054487794     
  0.34696529999999998       0.29325180119596012       0.34162419749672185     
  0.34796519999999997       0.29330910212220523       0.34160337617418185     
  0.34896509999999997       0.29335806246129803       0.34158035354804522     
  0.34996499999999997       0.29339872636339881       0.34155513653362563     
  0.35096489999999997       0.29361279168766075       0.34152773199132591     
  0.35196479999999997       0.29382374025556440       0.34149814672719409     
  0.35296469999999996       0.29402500428677608       0.34146638749349084     
  0.35396459999999996       0.29421663190686914       0.34143246098921837     
  0.35496449999999996       0.29439867125950719       0.34139637386067606     
  0.35596440000000001       0.29457117050469966       0.34135813270198562     
  0.35696430000000001       0.29473417781707839       0.34131774405561316     
  0.35796420000000001       0.29488774138419688       0.34127521441290065     
  0.35896410000000001       0.29503190940484908       0.34123055021456794     
  0.35996400000000001       0.29516673008741023       0.34118375785122784     
  0.36096390000000000       0.29529225164819833       0.34113484366387803     
  0.36196380000000000       0.29540852230985543       0.34108381394440701     
  0.36296370000000000       0.29551559029974900       0.34103067493607281     
  0.36396360000000000       0.29561350384839263       0.34097543283399029     
  0.36496350000000000       0.29570231118788676       0.34091809378560572     
  0.36596339999999999       0.29578206055037820       0.34085866389116731     
  0.36696329999999999       0.29585280016653864       0.34079714920419218     
  0.36796319999999999       0.29591457826406070       0.34073355573192426     
  0.36896309999999999       0.29596744306617345       0.34066788943578946     
  0.36996299999999999       0.29601144279017566       0.34060015623184037     
  0.37096289999999998       0.29604662564598666       0.34053036199120224     
  0.37196279999999998       0.29607303983471395       0.34045851254050885     
  0.37296269999999998       0.29609073354723886       0.34038461366234141     
  0.37396259999999998       0.29609975496281954       0.34030867109564394     
  0.37496249999999998       0.29610015224770986       0.34023069053615185     
  0.37596239999999997       0.29628281082162689       0.34015067763681456     
  0.37696229999999997       0.29646271554307824       0.34006863800819059     
  0.37796219999999997       0.29663245183617731       0.33998457721887831     
  0.37896209999999997       0.29679207294876392       0.33989850079589701     
  0.37996199999999997       0.29694163213487995       0.33981041422509567     
  0.38096189999999996       0.29708118265304240       0.33972032295154353     
  0.38196179999999996       0.29721077776453653       0.33962823237991913     
  0.38296169999999996       0.29733047073172886       0.33953414787488811     
  0.38396160000000001       0.29744031481639815       0.33943807476149684     
  0.38496150000000001       0.29754036327808814       0.33934001832552918     
  0.38596140000000001       0.29763066937247645       0.33923998381389014     
  0.38696130000000001       0.29771128634976446       0.33913797643496624     
  0.38796120000000001       0.29778226745308406       0.33903400135899159     
  0.38896110000000000       0.29784366591692202       0.33892806371839523     
  0.38996100000000000       0.29789553496556398       0.33882016860817210     
  0.39096090000000000       0.29793792781155543       0.33871032108621962     
  0.39196080000000000       0.29797089765417889       0.33859852617368169     
  0.39296070000000000       0.29799449767794955       0.33848478885530148     
  0.39396059999999999       0.29800878105112721       0.33836911407975040     
  0.39496049999999999       0.29801380092424512       0.33825150675996229     
  0.39596039999999999       0.29800961042865570       0.33813197177347187     
  0.39696029999999999       0.29799626267509072       0.33801051396272830     
  0.39796019999999999       0.29797381075223961       0.33788713813542631     
  0.39896009999999998       0.29794230772534280       0.33776184906482409     
  0.39995999999999998       0.29790180663480009       0.33763465149005789     
  0.40095989999999998       0.29817623581235264       0.33750555011645239     
  0.40195979999999998       0.29845229078643265       0.33737454961582913     
  0.40295969999999998       0.29871647774230081       0.33724165462681599     
  0.40395959999999997       0.29896886000856804       0.33710686975514398     
  0.40495949999999997       0.29920950091770188       0.33697019957394436     
  0.40595939999999997       0.29943846380404693       0.33683164862404846     
  0.40695929999999997       0.29965581200186486       0.33669122141427521     
  0.40795919999999997       0.29986160884339619       0.33654892242172041     
  0.40895909999999996       0.30005591765694078       0.33640475609204318     
  0.40995899999999996       0.30023880176496137       0.33625872683974561     
  0.41095889999999996       0.30041032448220534       0.33611083904845462     
  0.41195879999999996       0.30057054911384679       0.33596109707119354     
  0.41295870000000001       0.30071953895364789       0.33580950523065872     
  0.41395860000000001       0.30085735728214069       0.33565606781948853     
  0.41495850000000001       0.30098406736482514       0.33550078910052916     
  0.41595840000000001       0.30109973245039001       0.33534367330709908     
  0.41695830000000000       0.30120441576894946       0.33518472464324950     
  0.41795820000000000       0.30129818053029761       0.33502394728402457     
  0.41895810000000000       0.30138108992218343       0.33486134537571410     
  0.41995800000000000       0.30145320710860229       0.33469692303610926     
  0.42095790000000000       0.30151459522810498       0.33453068435474986     
  0.42195779999999999       0.30156531739212411       0.33436263339317390     
  0.42295769999999999       0.30160543668331785       0.33419277418515997     
  0.42395759999999999       0.30163501615393190       0.33402111073697011     
  0.42495749999999999       0.30165411882417603       0.33384764702759279     
  0.42595739999999999       0.30166280768061843       0.33367238700897195     
  0.42695729999999998       0.30166114567459634       0.33349533460625125     
  0.42795719999999998       0.30164919572064308       0.33331649371799560     
  0.42895709999999998       0.30162702069493064       0.33313586821642910     
  0.42995699999999998       0.30159468343372742       0.33295346194765846     
  0.43095689999999998       0.30155224673187242       0.33276927873189693     
  0.43195679999999997       0.30149977334126576       0.33258332236368854     
  0.43295669999999997       0.30143732596937167       0.33239559661212625     
  0.43395659999999997       0.30136496727773882       0.33220610522106958     
  0.43495649999999997       0.30128275988053432       0.33201485190936236     
  0.43595639999999997       0.30119076634309305       0.33182184037104284     
  0.43695629999999996       0.30108904918048102       0.33162707427555710     
  0.43795619999999996       0.30097767085607274       0.33143055726796650     
  0.43895609999999996       0.30085669378014335       0.33123229296915202     
  0.43995599999999996       0.30072618030847431       0.33103228497602294     
  0.44095590000000001       0.30058619274097348       0.33083053686171637     
  0.44195580000000001       0.30043679332030676       0.33062705217579874     
  0.44295570000000001       0.30027804423054677       0.33042183444446160     
  0.44395560000000001       0.30011000759583040       0.33021488717072006     
  0.44495550000000000       0.29993274547903398       0.33000621383460754     
  0.44595540000000000       0.29974631988045813       0.32979581789336393     
  0.44695530000000000       0.29955079273652646       0.32958370278163041     
  0.44795520000000000       0.29934622591849680       0.32936987191163331     
  0.44895510000000000       0.29913268123118641       0.32915432867337463     
  0.44995499999999999       0.29891022041170701       0.32893707643481279     
  0.45095489999999999       0.29914157706358485       0.32871811854204924     
  0.45195479999999999       0.29938119591881290       0.32849745831950150     
  0.45295469999999999       0.29960724548091716       0.32827509907009300     
  0.45395459999999999       0.29981980740171554       0.32805104407541885     
  0.45495449999999998       0.30001896328662242       0.32782529659593118     
  0.45595439999999998       0.30020479469261147       0.32759785987110457     
  0.45695429999999998       0.30037738312619727       0.32736873711961045     
  0.45795419999999998       0.30053681004143556       0.32713793153949328     
  0.45895409999999998       0.30068315683794111       0.32690544630832735     
  0.45995399999999997       0.30081650485892558       0.32667128458339267     
  0.46095389999999997       0.30093693538925276       0.32643544950183573     
  0.46195379999999997       0.30104452965351181       0.32619794418083653     
  0.46295369999999997       0.30113936881410774       0.32595877171776422     
  0.46395359999999997       0.30122153396937007       0.32571793519034337     
  0.46495349999999996       0.30129110615167898       0.32547543765680925     
  0.46595339999999996       0.30134816632560835       0.32523128215606673     
  0.46695329999999996       0.30139279538608510       0.32498547170784320     
  0.46795319999999996       0.30142507415656589       0.32473800931284580     
  0.46895309999999996       0.30144508338723125       0.32448889795291036     
  0.46995300000000001       0.30145290375319456       0.32423814059115569     
  0.47095290000000001       0.30144861585272809       0.32398574017213116     
  0.47195280000000001       0.30143230020550471       0.32373169962196635     
  0.47295270000000000       0.30140403725085563       0.32347602184851315     
  0.47395260000000000       0.30136390734604446       0.32321870974149636     
  0.47495250000000000       0.30131199076455562       0.32295976617265720     
  0.47595240000000000       0.30124836769439833       0.32269919399589020     
  0.47695230000000000       0.30117311823642645       0.32243699604739001     
  0.47795219999999999       0.30108632240267319       0.32217317514578941     
  0.47895209999999999       0.30098806011469975       0.32190773409229534     
  0.47995199999999999       0.30087841120195952       0.32164067567082871     
  0.48095189999999999       0.30075745540017623       0.32137200264815829     
  0.48195179999999999       0.30062527234973768       0.32110171777403829     
  0.48295169999999998       0.30048194159410196       0.32082982378133484     
  0.48395159999999998       0.30032754257821803       0.32055632338616524     
  0.48495149999999998       0.30016215464696150       0.32028121928802550     
  0.48595139999999998       0.29998585704358349       0.32000451416991704     
  0.48695129999999998       0.29979872890817211       0.31972621069847773     
  0.48795119999999997       0.29960084927612840       0.31944631152411029     
  0.48895109999999997       0.29939229707665554       0.31916481928110385     
  0.48995099999999997       0.29917315113126103       0.31888173658776237     
  0.49095089999999997       0.29894349015227217       0.31859706604652499     
  0.49195079999999997       0.29870339274136332       0.31831081024408930     
  0.49295069999999996       0.29845293738809725       0.31802297175153404     
  0.49395059999999996       0.29819220246847911       0.31773355312443557     
  0.49495049999999996       0.29792126624352150       0.31744255690298967     
  0.49595039999999996       0.29764020685782316       0.31714998561212915     
  0.49695029999999996       0.29734910233815881       0.31685584176163861     
  0.49795020000000001       0.29704803059208335       0.31656012784626864     
  0.49895010000000001       0.29673706940654482       0.31626284634585594     
  0.49995000000000001       0.29641629644651141       0.31596399972543177     
  0.50094989999999995       0.29661995284684178       0.31566359043533598     
  0.50194980000000000       0.29683592613834953       0.31536162091132713     
  0.50294969999999994       0.29703604964124092       0.31505809357469372     
  0.50394960000000000       0.29722043143193538       0.31475301083236595     
  0.50494949999999994       0.29738917946046123       0.31444637507701884     
  0.50594939999999999       0.29754240154823453       0.31413818868718330     
  0.50694929999999994       0.29768020538585716       0.31382845402734905     
  0.50794919999999999       0.29780269853093233       0.31351717344807528     
  0.50894909999999993       0.29790998840589811       0.31320434928608920     
  0.50994899999999999       0.29800218229587894       0.31288998386439637     
  0.51094889999999993       0.29807938734655487       0.31257407949237209     
  0.51194879999999998       0.29814171056204752       0.31225663846587653     
  0.51294870000000004       0.29818925880282465       0.31193766306734494     
  0.51394859999999998       0.29822213878361997       0.31161715556588998     
  0.51494850000000003       0.29824045707137176       0.31129511821740430     
  0.51594839999999997       0.29824432008317708       0.31097155326465531     
  0.51694830000000003       0.29823383408426268       0.31064646293738174     
  0.51794819999999997       0.29820910518597255       0.31031984945238927     
  0.51894810000000002       0.29817023934377163       0.30999171501365025     
  0.51994799999999997       0.29811734235526588       0.30966206181239581     
  0.52094790000000002       0.29805051985823733       0.30933089202720349     
  0.52194779999999996       0.29796987732869668       0.30899820782410053     
  0.52294770000000002       0.29787552007894885       0.30866401135664950     
  0.52394759999999996       0.29776755325567728       0.30832830476603995     
  0.52494750000000001       0.29764608183804026       0.30799109018117882     
  0.52594739999999995       0.29751121063578484       0.30765236971878240     
  0.52694730000000001       0.29736304428737459       0.30731214548346131     
  0.52794719999999995       0.29720168725813245       0.30697041956781179     
  0.52894710000000000       0.29702724383839835       0.30662719405250122     
  0.52994699999999995       0.29683981814170124       0.30628247100635497     
  0.53094690000000000       0.29663951410294570       0.30593625248644146     
  0.53194679999999994       0.29642643547661296       0.30558854053815648     
  0.53294670000000000       0.29620068583497544       0.30523933719531138     
  0.53394659999999994       0.29596236856632663       0.30488864448021141     
  0.53494649999999999       0.29571158687322291       0.30453646440374049     
  0.53594639999999993       0.29544844377074070       0.30418279896544248     
  0.53694629999999999       0.29517304208474698       0.30382765015360597     
  0.53794619999999993       0.29488548445018242       0.30347101994533832     
  0.53894609999999998       0.29458587330935865       0.30311291030665327     
  0.53994599999999993       0.29427431091026829       0.30275332319254356     
  0.54094589999999998       0.29395089930490925       0.30239226054706286     
  0.54194580000000003       0.29361574034761961       0.30202972430340208     
  0.54294569999999998       0.29326893569342805       0.30166571638396728     
  0.54394560000000003       0.29291058679641468       0.30130023870045564     
  0.54494549999999997       0.29254079490808649       0.30093329315393319     
  0.54594540000000003       0.29215966107576374       0.30056488163490730     
  0.54694529999999997       0.29176728614097952       0.30019500602340199     
  0.54794520000000002       0.29136377073789110       0.29982366818903305     
  0.54894509999999996       0.29094921529170392       0.29945086999108050     
  0.54994500000000002       0.29052372001710691       0.29907661327855944     
  0.55094489999999996       0.29071587437371144       0.29870089989029591     
  0.55194480000000001       0.29092571507229553       0.29832373165499465     
  0.55294469999999996       0.29111657557730253       0.29794511039131300     
  0.55394460000000001       0.29128860326292272       0.29756503790792765     
  0.55494449999999995       0.29144194524315642       0.29718351600360876     
  0.55594440000000001       0.29157674836923547       0.29680054646728277     
  0.55694429999999995       0.29169315922706412       0.29641613107810877     
  0.55794420000000000       0.29179132413467740       0.29603027160553769     
  0.55894409999999994       0.29187138913971999       0.29564296980938687     
  0.55994400000000000       0.29193350001694229       0.29525422743990304     
  0.56094389999999994       0.29197780226571568       0.29486404623782914     
  0.56194379999999999       0.29200444110756557       0.29447242793446970     
  0.56294369999999994       0.29201356148372276       0.29407937425175840     
  0.56394359999999999       0.29200530805269248       0.29368488690231753     
  0.56494349999999993       0.29197982518784099       0.29328896758952755     
  0.56594339999999999       0.29193725697500100       0.29289161800758629     
  0.56694329999999993       0.29187774721009213       0.29249283984157548     
  0.56794319999999998       0.29180143939676106       0.29209263476751768     
  0.56894310000000003       0.29170847674403722       0.29169100445244789     
  0.56994299999999998       0.29159900216400625       0.29128795055446299     
  0.57094290000000003       0.29147315826949921       0.29088347472279091     
  0.57194279999999997       0.29133108737180013       0.29047757859784878     
  0.57294270000000003       0.29117293147836831       0.29007026381130196     
  0.57394259999999997       0.29099883229057832       0.28966153198612415     
  0.57494250000000002       0.29080893120147461       0.28925138473665735     
  0.57594239999999997       0.29060336929354424       0.28883982366866701     
  0.57694230000000002       0.29038228733650384       0.28842685037940508     
  0.57794219999999996       0.29014582578510317       0.28801246645766049     
  0.57894210000000002       0.28989412477694382       0.28759667348382473     
  0.57994199999999996       0.28962732413031372       0.28717947302994062     
  0.58094190000000001       0.28934556334203754       0.28676086665976402     
  0.58194179999999995       0.28904898158534076       0.28634085592881331     
  0.58294170000000001       0.28873771770773043       0.28591944238443440     
  0.58394159999999995       0.28841191022888990       0.28549662756584249     
  0.58494150000000000       0.28807169733858939       0.28507241300418834     
  0.58594139999999995       0.28771721689460961       0.28464680022260497     
  0.58694130000000000       0.28734860642068155       0.28421979073626452     
  0.58794119999999994       0.28696600310443998       0.28379138605242799     
  0.58894110000000000       0.28656954379539151       0.28336158767049924     
  0.58994099999999994       0.28615936500289657       0.28293039708208345     
  0.59094089999999999       0.28573560289416494       0.28249781577102451     
  0.59194079999999993       0.28529839329226747       0.28206384521347178     
  0.59294069999999999       0.28484787167415848       0.28162848687791786     
  0.59394059999999993       0.28438417316871423       0.28119174222526172     
  0.59494049999999998       0.28390743255478412       0.28075361270884736     
  0.59594039999999993       0.28341778425925518       0.28031409977452221     
  0.59694029999999998       0.28291536235513015       0.27987320486067796     
  0.59794020000000003       0.28240030055961945       0.27943092939830899     
  0.59894009999999998       0.28187273223224463       0.27898727481105501     
  0.59994000000000003       0.28133279037295694       0.27854224251524773     
  0.60093989999999997       0.28152624324246828       0.27809583391996390     
  0.60193980000000002       0.28174415514640400       0.27764805042706991     
  0.60293969999999997       0.28193879248864956       0.27719889343126686     
  0.60393960000000002       0.28211036273484696       0.27674836432014155     
  0.60493949999999996       0.28225907285386420       0.27629646447420886     
  0.60593940000000002       0.28238512931459919       0.27584319526696077     
  0.60693929999999996       0.28248873808280711       0.27538855806490903     
  0.60793920000000001       0.28257010461794707       0.27493255422763202     
  0.60893909999999996       0.28262943387005174       0.27447518510781849     
  0.60993900000000001       0.28266693027661594       0.27401645205131681     
  0.61093889999999995       0.28268279775950772       0.27355635639717046     
  0.61193880000000000       0.28267723972189795       0.27309489947766863     
  0.61293869999999995       0.28265045904521169       0.27263208261838923     
  0.61393860000000000       0.28260265808609919       0.27216790713823724     
  0.61493849999999994       0.28253403867342719       0.27170237434949074     
  0.61593840000000000       0.28244480210528916       0.27123548555784815     
  0.61693829999999994       0.28233514914603619       0.27076724206246011     
  0.61793819999999999       0.28220528002332668       0.27029764515598070     
  0.61893809999999994       0.28205539442519589       0.26982669612460269     
  0.61993799999999999       0.28188569149714438       0.26935439624810065     
  0.62093789999999993       0.28169636983924540       0.26888074679987467     
  0.62193779999999999       0.28148762750327083       0.26840574904698516     
  0.62293769999999993       0.28125966198983721       0.26792940425020134     
  0.62393759999999998       0.28101267024556809       0.26745171366402992     
  0.62493749999999992       0.28074684866027699       0.26697267853676604     
  0.62593739999999998       0.28046239306416754       0.26649230011052422     
  0.62693730000000003       0.28015949872505092       0.26601057962128394     
  0.62793719999999997       0.27983836034558374       0.26552751829892274     
  0.62893710000000003       0.27949917206052050       0.26504311736725761     
  0.62993699999999997       0.27914212743398681       0.26455737804408247     
  0.63093690000000002       0.27876741945676770       0.26407030154120720     
  0.63193679999999997       0.27837524054361501       0.26358188906449387     
  0.63293670000000002       0.27796578253057097       0.26309214181389218     
  0.63393659999999996       0.27753923667231001       0.26260106098348202     
  0.63493650000000001       0.27709579363949549       0.26210864776150400     
  0.63593639999999996       0.27663564351615610       0.26161490333040105     
  0.63693630000000001       0.27615897579707654       0.26111982886685020     
  0.63793619999999995       0.27566597938520615       0.26062342554180140     
  0.63893610000000001       0.27515684258908346       0.26012569452051248     
  0.63993599999999995       0.27463175312027721       0.25962663696258459     
  0.64093590000000000       0.27409089809084319       0.25912625402199541     
  0.64193579999999995       0.27353446401079817       0.25862454684713759     
  0.64293570000000000       0.27296263678560850       0.25812151658085042     
  0.64393559999999994       0.27237560171369513       0.25761716436045545     
  0.64493549999999999       0.27177354348395427       0.25711149131778999     
  0.64593539999999994       0.27115664617329416       0.25660449857924195     
  0.64693529999999999       0.27052509324418589       0.25609618726578059     
  0.64793519999999993       0.26987906754223073       0.25558655849299422     
  0.64893509999999999       0.26921875129374262       0.25507561337111995     
  0.64993499999999993       0.26854432610334511       0.25456335300507771     
  0.65093489999999998       0.26876547636273340       0.25404977849450239     
  0.65193479999999993       0.26902055691745586       0.25353489093377696     
  0.65293469999999998       0.26924611422697281       0.25301869141206268     
  0.65393459999999992       0.26944245344491424       0.25250118101333519     
  0.65493449999999998       0.26960987877926140       0.25198236081641040     
  0.65593440000000003       0.26974869348806302       0.25146223189498107     
  0.65693429999999997       0.26985919987517670       0.25094079531764457     
  0.65793420000000002       0.26994169928603801       0.25041805214793378     
  0.65893409999999997       0.26999649210345283       0.24989400344435264     
  0.65993400000000002       0.27002387774341702       0.24936865026040089     
  0.66093389999999996       0.27002415465096069       0.24884199364460499     
  0.66193380000000002       0.26999762029601748       0.24831403464055329     
  0.66293369999999996       0.26994457116931875       0.24778477428692069     
  0.66393360000000001       0.26986530277831283       0.24725421361749936     
  0.66493349999999996       0.26976010964310815       0.24672235366122883     
  0.66593340000000001       0.26962928529244129       0.24618919544222612     
  0.66693329999999995       0.26947312225966885       0.24565473997981144     
  0.66793320000000000       0.26929191207878350       0.24511898828854375     
  0.66893309999999995       0.26908594528045343       0.24458194137824013     
  0.66993300000000000       0.26885551138808622       0.24404360025401065     
  0.67093289999999994       0.26860089891391492       0.24350396591628659     
  0.67193280000000000       0.26832239535510821       0.24296303936084332     
  0.67293269999999994       0.26802028718990456       0.24242082157883282     
  0.67393259999999999       0.26769485987376623       0.24187731355680889     
  0.67493249999999994       0.26734639783555997       0.24133251627675886     
  0.67593239999999999       0.26697518447375723       0.24078643071612219     
  0.67693229999999993       0.26658150215265847       0.24023905784782601     
  0.67793219999999998       0.26616563219863859       0.23969039864030778     
  0.67893209999999993       0.26572785489641570       0.23914045405754084     
  0.67993199999999998       0.26526844948534051       0.23858922505906477     
  0.68093189999999992       0.26478769415570830       0.23803671260000836     
  0.68193179999999998       0.26428586604509235       0.23748291763111706     
  0.68293170000000003       0.26376324123469852       0.23692784109877765     
  0.68393159999999997       0.26322009474574160       0.23637148394504529     
  0.68493150000000003       0.26265670053584189       0.23581384710766851     
  0.68593139999999997       0.26207333149544426       0.23525493152011479     
  0.68693130000000002       0.26147025944425623       0.23469473811159391     
  0.68793119999999996       0.26084775512770830       0.23413326780708571     
  0.68893110000000002       0.26020608821343350       0.23357052152736235     
  0.68993099999999996       0.25954552728776831       0.23300650018901603     
  0.69093090000000001       0.25886633985227364       0.23244120470447982     
  0.69193079999999996       0.25816879232027490       0.23187463598205232     
  0.69293070000000001       0.25745315001342328       0.23130679492592671     
  0.69393059999999995       0.25671967715827654       0.23073768243620790     
  0.69493050000000001       0.25596863688289812       0.23016729940894012     
  0.69593039999999995       0.25520029121347854       0.22959564673613081     
  0.69693030000000000       0.25441490107097275       0.22902272530577159     
  0.69793019999999995       0.25361272626775938       0.22844853600186363     
  0.69893010000000000       0.25279402550431768       0.22787307970443929     
  0.69992999999999994       0.25195905636592464       0.22729635728958736     
  0.70092989999999999       0.25225094166278489       0.22671836962947284     
  0.70192979999999994       0.25259006124864231       0.22613911759236199     
  0.70292969999999999       0.25289002070798156       0.22555860204264325     
  0.70392959999999993       0.25315129619305143       0.22497682384085085     
  0.70492949999999999       0.25337436197771607       0.22439378384368563     
  0.70592939999999993       0.25355969045112753       0.22380948290403824     
  0.70692929999999998       0.25370775211143415       0.22322392187101028     
  0.70792919999999993       0.25381901555952274       0.22263710158993646     
  0.70892909999999998       0.25389394749279764       0.22204902290240455     
  0.70992899999999992       0.25393301269899149       0.22145968664628110     
  0.71092889999999997       0.25393667405001297       0.22086909365572704     
  0.71192880000000003       0.25390539249582628       0.22027724476122273     
  0.71292869999999997       0.25383962705836638       0.21968414078958826     
  0.71392860000000002       0.25373983482548607       0.21908978256400208     
  0.71492849999999997       0.25360647094493782       0.21849417090402579     
  0.71592840000000002       0.25343998861838751       0.21789730662561979     
  0.71692829999999996       0.25324083909546197       0.21729919054116809     
  0.71792820000000002       0.25300947166782828       0.21669982345949565     
  0.71892809999999996       0.25274633366330673       0.21609920618589129     
  0.71992800000000001       0.25245187044001433       0.21549733952212463     
  0.72092789999999995       0.25212652538054181       0.21489422426646584     
  0.72192780000000001       0.25177073988616100       0.21428986121371060     
  0.72292769999999995       0.25138495337106548       0.21368425115519205     
  0.72392760000000000       0.25096960325664019       0.21307739487880850     
  0.72492749999999995       0.25052512496576451       0.21246929316903393     
  0.72592740000000000       0.25005195191714469       0.21185994680694492     
  0.72692729999999994       0.24955051551967766       0.21124935657023547     
  0.72792720000000000       0.24902124516684446       0.21063752323323590     
  0.72892709999999994       0.24846456823113552       0.21002444756693500     
  0.72992699999999999       0.24788091005850435       0.20941013033899583     
  0.73092689999999993       0.24727069396285178       0.20879457231377296     
  0.73192679999999999       0.24663434122054012       0.20817777425233694     
  0.73292669999999993       0.24597227106493602       0.20755973691248458     
  0.73392659999999998       0.24528490068098374       0.20694046104876421     
  0.73492649999999993       0.24457264519980612       0.20631994741248924     
  0.73592639999999998       0.24383591769333501       0.20569819675175771     
  0.73692629999999992       0.24307512916897112       0.20507520981147079     
  0.73792619999999998       0.24229068856427083       0.20445098733334924     
  0.73892609999999992       0.24148300274166265       0.20382553005595250     
  0.73992599999999997       0.24065247648319074       0.20319883871469449     
  0.74092590000000003       0.23979951248528736       0.20257091404186120     
  0.74192579999999997       0.23892451135357187       0.20194175676663065     
  0.74292570000000002       0.23802787159767824       0.20131136761508536     
  0.74392559999999996       0.23710998962610957       0.20067974731023427     
  0.74492550000000002       0.23617125974111958       0.20004689657202593     
  0.74592539999999996       0.23521207413362127       0.19941281611736766     
  0.74692530000000001       0.23423282287812255       0.19877750666013955     
  0.74792519999999996       0.23323389392768828       0.19814096891121644     
  0.74892510000000001       0.23221567310892877       0.19750320357847667     
  0.74992499999999995       0.23117854411701469       0.19686421136682650     
  0.75092490000000001       0.23162849969379351       0.19622399297820894     
  0.75192479999999995       0.23214563688528009       0.19558254911162576     
  0.75292470000000000       0.23260723717229356       0.19493988046315081     
  0.75392459999999994       0.23301411110766190       0.19429598772594597     
  0.75492450000000000       0.23336706515978439       0.19365087159027891     
  0.75592439999999994       0.23366690170199242       0.19300453274353552     
  0.75692429999999999       0.23391441900196300       0.19235697187023790     
  0.75792419999999994       0.23411041121118892       0.19170818965206146     
  0.75892409999999999       0.23425566835449990       0.19105818676784558     
  0.75992399999999993       0.23435097631963997       0.19040696389361234     
  0.76092389999999999       0.23439711684689621       0.18975452170258383     
  0.76192379999999993       0.23439486751878144       0.18910086086519190     
  0.76292369999999998       0.23434500174976799       0.18844598204909624     
  0.76392359999999992       0.23424828877607548       0.18778988591920073     
  0.76492349999999998       0.23410549364550859       0.18713257313766407     
  0.76592339999999992       0.23391737720734809       0.18647404436391957     
  0.76692329999999997       0.23368469610229128       0.18581430025468568     
  0.76792320000000003       0.23340820275244417       0.18515334146398443     
  0.76892309999999997       0.23308864535136470       0.18449116864315102     
  0.76992300000000002       0.23272676785415455       0.18382778244085246     
  0.77092289999999997       0.23232330996760264       0.18316318350310071     
  0.77192280000000002       0.23187900714037651       0.18249737247326456     
  0.77292269999999996       0.23139459055326431       0.18183034999208839     
  0.77392260000000002       0.23087078710946440       0.18116211669770138     
  0.77492249999999996       0.23030831942492547       0.18049267322563547     
  0.77592240000000001       0.22970790581873204       0.17982202020883434     
  0.77692229999999995       0.22907026030354141       0.17915015827767442     
  0.77792220000000001       0.22839609257606519       0.17847708805997042     
  0.77892209999999995       0.22768610800760025       0.17780281018099461     
  0.77992200000000000       0.22694100763460581       0.17712732526348918     
  0.78092189999999995       0.22616148814932815       0.17645063392767710     
  0.78192180000000000       0.22534824189047045       0.17577273679127886     
  0.78292169999999994       0.22450195683391058       0.17509363446952383     
  0.78392160000000000       0.22362331658346296       0.17441332757516351     
  0.78492149999999994       0.22271300036168817       0.17373181671848564     
  0.78592139999999999       0.22177168300074557       0.17304910250732505     
  0.78692129999999993       0.22080003493329328       0.17236518554708011     
  0.78792119999999999       0.21979872218343083       0.17168006644072129     
  0.78892109999999993       0.21876840635768863       0.17099374578880763     
  0.78992099999999998       0.21770974463605874       0.17030622418949723     
  0.79092089999999993       0.21662338976307324       0.16961750223856059     
  0.79192079999999998       0.21550999003892257       0.16892758052939386     
  0.79292069999999992       0.21437018931062030       0.16823645965302877     
  0.79392059999999998       0.21320462696320899       0.16754414019814812     
  0.79492049999999992       0.21201393791101045       0.16685062275109624     
  0.79592039999999997       0.21079875258891725       0.16615590789589157     
  0.79692030000000003       0.20955969694372795       0.16545999621423824     
  0.79792019999999997       0.20829739242552370       0.16476288828554023     
  0.79892010000000002       0.20701245597908607       0.16406458468691063     
  0.79991999999999996       0.20570550003535812       0.16336508599318475     
  0.80091990000000002       0.20651010317198637       0.16266439277693365     
  0.80191979999999996       0.20741375035616053       0.16196250560847136     
  0.80291970000000001       0.20822977606068119       0.16125942505587182     
  0.80391959999999996       0.20895976228293703       0.16055515168497689     
  0.80491950000000001       0.20960528060363834       0.15984968605941069     
  0.80591939999999995       0.21016789216519705       0.15914302874058825     
  0.80691930000000001       0.21064914765020962       0.15843518028772746     
  0.80791919999999995       0.21105058726004147       0.15772614125786280     
  0.80891910000000000       0.21137374069351370       0.15701591220585506     
  0.80991899999999994       0.21162012712568914       0.15630449368440080     
  0.81091890000000000       0.21179125518676001       0.15559188624404677     
  0.81191879999999994       0.21188862294103394       0.15487809043319808     
  0.81291869999999999       0.21191371786601962       0.15416310679813100     
  0.81391859999999994       0.21186801683161066       0.15344693588300373     
  0.81491849999999999       0.21175298607936699       0.15272957822986688     
  0.81591839999999993       0.21157008120189355       0.15201103437867319     
  0.81691829999999999       0.21132074712231591       0.15129130486729064     
  0.81791819999999993       0.21100641807385151       0.15057039023151078     
  0.81891809999999998       0.21062851757947637       0.14984829100506117     
  0.81991799999999992       0.21018845843168704       0.14912500771961443     
  0.82091789999999998       0.20968764267235637       0.14840054090479982     
  0.82191779999999992       0.20912746157268378       0.14767489108821380     
  0.82291769999999997       0.20850929561323814       0.14694805879542830     
  0.82391759999999992       0.20783451446409335       0.14622004455000404     
  0.82491749999999997       0.20710447696505632       0.14549084887349797     
  0.82591740000000002       0.20632053110598689       0.14476047228547553     
  0.82691729999999997       0.20548401400720762       0.14402891530351963     
  0.82791720000000002       0.20459625190000519       0.14329617844324105     
  0.82891709999999996       0.20365856010722180       0.14256226221828810     
  0.82991700000000002       0.20267224302393486       0.14182716714035729     
  0.83091689999999996       0.20163859409822726       0.14109089371920161     
  0.83191680000000001       0.20055889581204470       0.14035344246264297     
  0.83291669999999995       0.19943441966214173       0.13961481387657915     
  0.83391660000000001       0.19826642614111470       0.13887500846499470     
  0.83491649999999995       0.19705616471852230       0.13813402672997130     
  0.83591640000000000       0.19580487382209122       0.13739186917169621     
  0.83691629999999995       0.19451378081900950       0.13664853628847246     
  0.83791620000000000       0.19318410199730318       0.13590402857672712     
  0.83891609999999994       0.19181704254730014       0.13515834653102296     
  0.83991600000000000       0.19041379654317578       0.13441149064406513     
  0.84091589999999994       0.18897554692458526       0.13366346140671281     
  0.84191579999999999       0.18750346547837687       0.13291425930798603     
  0.84291569999999993       0.18599871282039040       0.13216388483507824     
  0.84391559999999999       0.18446243837733586       0.13141233847336145     
  0.84491549999999993       0.18289578036875656       0.13065962070639814     
  0.84591539999999998       0.18129986578907112       0.12990573201595013     
  0.84691529999999993       0.17967581038969946       0.12915067288198459     
  0.84791519999999998       0.17802471866126646       0.12839444378268752     
  0.84891509999999992       0.17634768381588850       0.12763704519446886     
  0.84991499999999998       0.17464578776953726       0.12687847759197296     
  0.85091489999999992       0.17636573017832805       0.12611874144808743     
  0.85191479999999997       0.17824059383048479       0.12535783723395127     
  0.85291469999999991       0.17994781924719996       0.12459576541896333     
  0.85391459999999997       0.18149133977189413       0.12383252647079242     
  0.85491450000000002       0.18287505318622727       0.12306812085538291     
  0.85591439999999996       0.18410282164991842       0.12230254903696713     
  0.85691430000000002       0.18517847164083112       0.12153581147806999     
  0.85791419999999996       0.18610579389532220       0.12076790863952087     
  0.85891410000000001       0.18688854334885274       0.11999884098045861     
  0.85991399999999996       0.18753043907686051       0.11922860895834271     
  0.86091390000000001       0.18803516423589192       0.11845721302895930     
  0.86191379999999995       0.18840636600499081       0.11768465364643149     
  0.86291370000000001       0.18864765552734514       0.11691093126322553     
  0.86391359999999995       0.18876260785218799       0.11613604633016011     
  0.86491350000000000       0.18875476187695234       0.11535999929641533     
  0.86591339999999994       0.18862762028967858       0.11458279060953717     
  0.86691330000000000       0.18838464951167205       0.11380442071544949     
  0.86791319999999994       0.18802927964041127       0.11302489005846016     
  0.86891309999999999       0.18756490439270285       0.11224419908126843     
  0.86991299999999994       0.18699488104808443       0.11146234822497408     
  0.87091289999999999       0.18632253039247218       0.11067933792908423     
  0.87191279999999993       0.18555113666205300       0.10989516863152191     
  0.87291269999999999       0.18468394748741834       0.10910984076863173     
  0.87391259999999993       0.18372417383794082       0.10832335477519132     
  0.87491249999999998       0.18267498996638920       0.10753571108441488     
  0.87591239999999992       0.18153953335378414       0.10674691012796339     
  0.87691229999999998       0.18032090465448875       0.10595695233595152     
  0.87791219999999992       0.17902216764153803       0.10516583813695417     
  0.87891209999999997       0.17764634915220059       0.10437356795801492     
  0.87991199999999992       0.17619643903377635       0.10358014222465334     
  0.88091189999999997       0.17467539008962385       0.10278556136087193     
  0.88191180000000002       0.17308611802542082       0.10198982578916420     
  0.88291169999999997       0.17143150139565383       0.10119293593052107     
  0.88391160000000002       0.16971438155033494       0.10039489220443741     
  0.88491149999999996       0.16793756258194845        9.9595695028922140E-002
  0.88591140000000002       0.16610381127262075        9.8795344820502784E-002
  0.88691129999999996       0.16421585704151748        9.7993841994232556E-002
  0.88791120000000001       0.16227639189246187        9.7191186963699008E-002
  0.88891109999999995       0.16028807036177822        9.6387380141030030E-002
  0.88991100000000001       0.15825350946635336        9.5582421936900600E-002
  0.89091089999999995       0.15617528865192140        9.4776312760540840E-002
  0.89191080000000000       0.15405594974156414        9.3969053019741872E-002
  0.89291069999999995       0.15189799688443237        9.3160643120863126E-002
  0.89391060000000000       0.14970389650468008        9.2351083468839204E-002
  0.89491049999999994       0.14747607725061757        9.1540374467186478E-002
  0.89591040000000000       0.14521692994407540        9.0728516518010033E-002
  0.89691029999999994       0.14292880752998435        8.9915510022010148E-002
  0.89791019999999999       0.14061402502616455        8.9101355378489469E-002
  0.89891009999999993       0.13827485947332793        8.8286052985359104E-002
  0.89990999999999999       0.13591354988528767        8.7469603239145363E-002
  0.90090989999999993       0.13085566183827896        8.6652006534996689E-002
  0.90190979999999998       0.12568239476521012        8.5833263266689455E-002
  0.90290969999999993       0.12066343898074101        8.5013373826635610E-002
  0.90390959999999998       0.11579572760487229        8.4192338605887609E-002
  0.90490949999999992       0.11107622311866254        8.3370157994146377E-002
  0.90590939999999998       0.10650191741245239        8.2546832379766483E-002
  0.90690929999999992       0.10206983183390124        8.1722362149763708E-002
  0.90790919999999997        9.7777017235821662E-002   8.0896747689819623E-002
  0.90890909999999991        9.3620554023828892E-002   8.0069989384289983E-002
  0.90990899999999997        8.9597552203789843E-002   7.9242087616208962E-002
  0.91090890000000002        8.5705151429088008E-002   7.8413042767297172E-002
  0.91190879999999996        8.1940521047693810E-002   7.7582855217966318E-002
  0.91290870000000002        7.8300860149045276E-002   7.6751525347325864E-002
  0.91390859999999996        7.4783397610745081E-002   7.5919053533190256E-002
  0.91490850000000001        7.1385392145063856E-002   7.5085440152082739E-002
  0.91590839999999996        6.8104132345263482E-002   7.4250685579243816E-002
  0.91690830000000001        6.4936936731729053E-002   7.3414790188635365E-002
  0.91790819999999995        6.1881153797922035E-002   7.2577754352947360E-002
  0.91890810000000001        5.8934162056144546E-002   7.1739578443604360E-002
  0.91990799999999995        5.6093370083126468E-002   7.0900262830770361E-002
  0.92090790000000000        5.3356216565425441E-002   7.0059807883355751E-002
  0.92190779999999994        5.0720170344651691E-002   6.9218213969021850E-002
  0.92290770000000000        4.8182730462507907E-002   6.8375481454187870E-002
  0.92390759999999994        4.5741426205655168E-002   6.7531610704036724E-002
  0.92490749999999999        4.3393817150396266E-002   6.6686602082519267E-002
  0.92590739999999994        4.1137493207186591E-002   6.5840455952362195E-002
  0.92690729999999999        3.8970074664964535E-002   6.4993172675072139E-002
  0.92790719999999993        3.6889212235310880E-002   6.4144752610941769E-002
  0.92890709999999999        3.4892587096429901E-002   6.3295196119055222E-002
  0.92990699999999993        3.2977910936960793E-002   6.2444503557294841E-002
  0.93090689999999998        3.1142925999612988E-002   6.1592675282344939E-002
  0.93190679999999992        2.9385405124633245E-002   6.0739711649698505E-002
  0.93290669999999998        2.7703151793098648E-002   5.9885613013662492E-002
  0.93390659999999992        2.6094000170042778E-002   5.9030379727363406E-002
  0.93490649999999997        2.4555815147409843E-002   5.8174012142752148E-002
  0.93590639999999992        2.3086492386843467E-002   5.7316510610610341E-002
  0.93690629999999997        2.1683958362305310E-002   5.6457875480554941E-002
  0.93790619999999991        2.0346170402529805E-002   5.5598107101044125E-002
  0.93890609999999997        1.9071116733310713E-002   5.4737205819381504E-002
  0.93990600000000002        1.7856816519625038E-002   5.3875171981723535E-002
  0.94090589999999996        1.6701319907591421E-002   5.3012005933082987E-002
  0.94190580000000002        1.5602708066265457E-002   5.2147708017334683E-002
  0.94290569999999996        1.4559093229273767E-002   5.1282278577221098E-002
  0.94390560000000001        1.3568618736284732E-002   5.0415717954356433E-002
  0.94490549999999995        1.2629459074320283E-002   4.9548026489233642E-002
  0.94590540000000001        1.1739819918905927E-002   4.8679204521227787E-002
  0.94690529999999995        1.0897938175063284E-002   4.7809252388602057E-002
  0.94790520000000000        1.0102082018142658E-002   4.6938170428512449E-002
  0.94890509999999995        9.3505509344994908E-003   4.6065958977013280E-002
  0.94990500000000000        8.6416757620125881E-003   4.5192618369061535E-002
  0.95090489999999994        7.9738187304476404E-003   4.4318148938522678E-002
  0.95190480000000000        7.3453735016641873E-003   4.3442551018174839E-002
  0.95290469999999994        6.7547652096693299E-003   4.2565824939714440E-002
  0.95390459999999999        6.2004505005165047E-003   4.1687971033760166E-002
  0.95490449999999993        5.6809175720524026E-003   4.0808989629859405E-002
  0.95590439999999999        5.1946862135106228E-003   3.9928881056491013E-002
  0.95690429999999993        4.7403078449548093E-003   3.9047645641072354E-002
  0.95790419999999998        4.3163655565701597E-003   3.8165283709962097E-002
  0.95890409999999993        3.9214741478057870E-003   3.7281795588466983E-002
  0.95990399999999998        3.5542801663670299E-003   3.6397181600844569E-002
  0.96090389999999992        3.2134619470599807E-003   3.5511442070309734E-002
  0.96190379999999998        2.8977296504875297E-003   3.4624577319038008E-002
  0.96290369999999992        2.6058253015989637E-003   3.3736587668171274E-002
  0.96390359999999997        2.3365228280926276E-003   3.2847473437821663E-002
  0.96490349999999991        2.0886280986734816E-003   3.1957234947077036E-002
  0.96590339999999997        1.8609789611652237E-003   3.1065872514004420E-002
  0.96690329999999991        1.6524452804786451E-003   3.0173386455655857E-002
  0.96790319999999996        1.4619289764360372E-003   2.9279777088071911E-002
  0.96890310000000002        1.2883640614531292E-003   2.8385044726287018E-002
  0.96990299999999996        1.1307166780786535E-003   2.7489189684333538E-002
  0.97090290000000001        9.8798513639248653E-004   2.6592212275246302E-002
  0.97190279999999996        8.5919995126319077E-004   2.5694112811067031E-002
  0.97290270000000001        7.4342387946522330E-004   2.4794891602849062E-002
  0.97390259999999995        6.3975195665698023E-004   2.3894548960661708E-002
  0.97490250000000001        5.4731153421988250E-004   2.2993085193594047E-002
  0.97590239999999995        4.6526231595959077E-004   2.2090500609760394E-002
  0.97690230000000000        3.9279639466964017E-004   2.1186795516303453E-002
  0.97790219999999994        3.2913828855848573E-004   2.0281970219399714E-002
  0.97890210000000000        2.7354497754032188E-004   1.9376025024262850E-002
  0.97990199999999994        2.2530593939058729E-004   1.8468960235148928E-002
  0.98090189999999999        1.8374318576657578E-004   1.7560776155359580E-002
  0.98190179999999994        1.4821129809399784E-004   1.6651473087247310E-002
  0.98290169999999999        1.1809746331995881E-004   1.5741051332218925E-002
  0.98390159999999993        9.2821509533142212E-005   1.4829511190740172E-002
  0.98490149999999999        7.1835941451702355E-005   1.3916852962339694E-002
  0.98590139999999993        5.4625975779604483E-005   1.3003076945613501E-002
  0.98690129999999998        4.0709576431947584E-005   1.2088183438228327E-002
  0.98790119999999992        2.9637489629967716E-005   1.1172172736926882E-002
  0.98890109999999998        2.0993278866277649E-005   1.0255045137530798E-002
  0.98990099999999992        1.4393359741008901E-005   9.3368009349456722E-003
  0.99090089999999997        9.4870346694267033E-006   8.4174404231641825E-003
  0.99190079999999992        5.9565274616574247E-006   7.4969638952710549E-003
  0.99290069999999997        3.5170177751082747E-006   6.5753716434462052E-003
  0.99390059999999991        1.9166754401982109E-006   5.6526639589694260E-003
  0.99490049999999997        9.3669465998383022E-007   4.7288411322237373E-003
  0.99590040000000002        3.9132808428326061E-007   3.8039034526998598E-003
  0.99690029999999996        1.2792075888224696E-007   2.8778512089999348E-003
  0.99790020000000001        2.6943950412303700E-008   1.9506846888410437E-003
  0.99890009999999996        2.0288474834471602E-009   1.0224041790599010E-003
  0.99990000000000001        1.3865116291593148E-013   9.3009965615800132E-005
