   9.9989999999999996E-004   1.7819104794557183E-002   2.2952041996606031E-003
   1.9997999999999999E-003   2.4998274798580782E-002   4.5824051870443552E-003
   2.9997000000000001E-003   3.0692210034040240E-002   6.8616325669283856E-003
   3.9995999999999999E-003   3.5535076898344418E-002   9.1329157251463892E-003
   4.9994999999999996E-003   3.9776973555253461E-002   1.1396283830667677E-002
   5.9994000000000002E-003   4.3659989529928361E-002   1.3651765837651920E-002
   6.9993000000000000E-003   4.7177647269513741E-002   1.5899390487479348E-002
   7.9991999999999997E-003   5.0531180499673763E-002   1.8139186310757293E-002
   8.9990999999999995E-003   5.3645768078726869E-002   2.0371181629302803E-002
   9.9989999999999992E-003   5.6557180284768561E-002   2.2595404558102043E-002
   1.0998899999999999E-002   5.9421931544842828E-002   2.4811883007247522E-002
   1.1998800000000000E-002   6.2136092201688489E-002   2.7020644683851555E-002
   1.2998700000000000E-002   6.4716191302835638E-002   2.9221717093937734E-002
   1.3998600000000000E-002   6.7175885912013289E-002   3.1415127544311493E-002
   1.4998500000000000E-002   6.9526550550631797E-002   3.3600903144407272E-002
   1.5998399999999999E-002   7.1903681913552314E-002   3.5779070808115369E-002
   1.6998300000000001E-002   7.4191947530994715E-002   3.7949657255587979E-002
   1.7998199999999999E-002   7.6397895193262524E-002   4.0112689015022976E-002
   1.8998100000000000E-002   7.8527392607536980E-002   4.2268192424428981E-002
   1.9997999999999998E-002   8.0585592259170877E-002   4.4416193633368968E-002
   2.0997900000000000E-002   8.2577050603728386E-002   4.6556718604684105E-002
   2.1997799999999998E-002   8.4505822649132548E-002   4.8689793116198206E-002
   2.2997699999999999E-002   8.6500903664913198E-002   5.0815442762403087E-002
   2.3997600000000001E-002   8.8441780421677038E-002   5.2933692956123518E-002
   2.4997499999999999E-002   9.0330956656711467E-002   5.5044568930164128E-002
   2.5997400000000000E-002   9.2170957893428843E-002   5.7148095738937990E-002
   2.6997299999999998E-002   9.3964088809018534E-002   5.9244298260077217E-002
   2.7997200000000000E-002   9.5712460304841762E-002   6.1333201196021953E-002
   2.8997099999999998E-002   9.7418012401167459E-002   6.3414829075597201E-002
   2.9996999999999999E-002   9.9082533722564176E-002   6.5489206255566909E-002
   3.0996899999999997E-002  0.10070767817875267        6.7556356922173377E-002
   3.1996799999999999E-002  0.10229497932236632        6.9616305092658579E-002
   3.2996699999999997E-002  0.10398313722264797        7.1669074616768136E-002
   3.3996600000000002E-002  0.10563740486316464        7.3714689178240270E-002
   3.4996500000000000E-002  0.10725848535660250        7.5753172296275581E-002
   3.5996399999999998E-002  0.10884744939841161        7.7784547326993886E-002
   3.6996299999999996E-002  0.11040530238023850        7.9808837464870150E-002
   3.7996200000000001E-002  0.11193299015393889        8.1826065744160237E-002
   3.8996099999999999E-002  0.11343140414543716        8.3836255040307117E-002
   3.9995999999999997E-002  0.11490138590669645        8.5839428071332047E-002
   4.0995900000000002E-002  0.11634373118016476        8.7835607399213089E-002
   4.1995800000000000E-002  0.11775919353863880        8.9824815431243335E-002
   4.2995699999999998E-002  0.11914848765404866        9.1807074421381349E-002
   4.3995599999999996E-002  0.12051229224083086        9.3782406471580315E-002
   4.4995500000000001E-002  0.12185125271302248        9.5750833533106330E-002
   4.5995399999999999E-002  0.12316598358873154        9.7712377407843873E-002
   4.6995299999999997E-002  0.12445707067103534        9.9667059749579859E-002
   4.7995200000000002E-002  0.12572507303046346       0.10161490206528422     
   4.8995100000000000E-002  0.12697052481092630       0.10355592571636808     
   4.9994999999999998E-002  0.12819393687813899       0.10549015191993238     
   5.0994899999999996E-002  0.12957308951959118       0.10741760175000183     
   5.1994800000000001E-002  0.13093229072964691       0.10933829613874829     
   5.2994699999999999E-002  0.13227104279407087       0.11125225587769660     
   5.3994599999999997E-002  0.13358972338024322       0.11315950161891941     
   5.4994499999999995E-002  0.13488869611026164       0.11506005387622355     
   5.5994400000000000E-002  0.13616831136798296       0.11695393302631529     
   5.6994299999999998E-002  0.13742890704545352       0.11884115930996152     
   5.7994199999999996E-002  0.13867080923428279       0.12072175283313208     
   5.8994100000000001E-002  0.13989433286692041       0.12259573356813633     
   5.9993999999999999E-002  0.14109978231226811       0.12446312135474204     
   6.0993899999999997E-002  0.14228745192960310       0.12632393590128516     
   6.1993799999999995E-002  0.14345762658437883       0.12817819678576836     
   6.2993700000000000E-002  0.14461058212911304       0.13002592345694719     
   6.3993599999999998E-002  0.14574658585225420       0.13186713523540447     
   6.4993499999999996E-002  0.14686589689763688       0.13370185131461704     
   6.5993399999999994E-002  0.14796876665688657       0.13553009076200226     
   6.6993299999999992E-002  0.14905543913691022       0.13735187251996597     
   6.7993200000000004E-002  0.15012615130441231       0.13916721540693139     
   6.8993100000000002E-002  0.15118113340919651       0.14097613811835830     
   6.9993000000000000E-002  0.15222060928785633       0.14277865922775293     
   7.0992899999999998E-002  0.15324479664931323       0.14457479718766922     
   7.1992799999999996E-002  0.15425390734353547       0.14636457033069686     
   7.2992699999999994E-002  0.15524814761465250       0.14814799687043845     
   7.3992599999999992E-002  0.15622771833958016       0.14992509490248185     
   7.4992500000000004E-002  0.15719281525317352       0.15169588240535645     
   7.5992400000000002E-002  0.15831048531426034       0.15346037724148381     
   7.6992300000000000E-002  0.15941510005420201       0.15521859715811578     
   7.7992199999999998E-002  0.16050555380115245       0.15697055978826535     
   7.8992099999999996E-002  0.16158199928688399       0.15871628265162757     
   7.9991999999999994E-002  0.16264458600731269       0.16045578315549130     
   8.0991899999999992E-002  0.16369346034181267       0.16218907859563877     
   8.1991800000000004E-002  0.16472876566657002       0.16391618615724038     
   8.2991700000000002E-002  0.16575064246234242       0.16563712291573995     
   8.3991600000000000E-002  0.16675922841697058       0.16735190583772536     
   8.4991499999999998E-002  0.16775465852295485       0.16906055178180032     
   8.5991399999999996E-002  0.16873706517039419       0.17076307749943725     
   8.6991299999999994E-002  0.16970657823556068       0.17245949963582891     
   8.7991199999999992E-002  0.17066332516536328       0.17414983473073026     
   8.8991100000000004E-002  0.17160743105793924       0.17583409921928639     
   8.9991000000000002E-002  0.17253901873959171       0.17751230943285901     
   9.0990900000000000E-002  0.17345820883828186       0.17918448159984426     
   9.1990799999999998E-002  0.17436511985386566       0.18085063184647623     
   9.2990699999999996E-002  0.17525986822525488       0.18251077619763040     
   9.3990599999999994E-002  0.17614256839467085       0.18416493057761199     
   9.4990499999999992E-002  0.17701333286914661       0.18581311081094518     
   9.5990400000000003E-002  0.17787227227942434       0.18745533262314232     
   9.6990300000000002E-002  0.17871949543638596       0.18909161164147961     
   9.7990200000000000E-002  0.17955510938514516       0.19072196339575465     
   9.8990099999999998E-002  0.18037921945692151       0.19234640331903902     
   9.9989999999999996E-002  0.18119192931881051       0.19396494674843229     
  0.10098989999999999       0.18215888654246468       0.19557760892578882     
  0.10198979999999999       0.18311585947007339       0.19718440499846160     
  0.10298969999999999       0.18406125799931916       0.19878535002001968     
  0.10398960000000000       0.18499516562621782       0.20038045895097120     
  0.10498950000000000       0.18591766486643013       0.20196974665947004     
  0.10598940000000000       0.18682883727878780       0.20355322792202157     
  0.10698930000000000       0.18772876348800124       0.20513091742418582     
  0.10798919999999999       0.18861752320658426       0.20670282976125331     
  0.10898909999999999       0.18949519525603103       0.20826897943894615     
  0.10998899999999999       0.19036185758727572       0.20982938087408673     
  0.11098890000000000       0.19121758730046837       0.21138404839526795     
  0.11198880000000000       0.19206246066409186       0.21293299624352299     
  0.11298870000000000       0.19289655313345250       0.21447623857297737     
  0.11398860000000000       0.19371993936856644       0.21601378945150987     
  0.11498849999999999       0.19453269325146846       0.21754566286138804     
  0.11598839999999999       0.19533488790296699       0.21907187269991549     
  0.11698829999999999       0.19612659569886745       0.22059243278006291     
  0.11798820000000000       0.19690788828568520       0.22210735683109781     
  0.11898810000000000       0.19767883659586824       0.22361665849920240     
  0.11998800000000000       0.19843951086255029       0.22512035134809652     
  0.12098790000000000       0.19918998063385079       0.22661844885963944     
  0.12198779999999999       0.19993031478674136       0.22811096443443987     
  0.12298769999999999       0.20066058154049368       0.22959791139245811     
  0.12398759999999999       0.20138084846972634       0.23107930297358861     
  0.12498750000000000       0.20209118251706487       0.23255515233826030     
  0.12598740000000000       0.20294060862446603       0.23402547256800876     
  0.12698730000000000       0.20378156227122768       0.23549027666606109     
  0.12798720000000000       0.20461221126750487       0.23694957755790202     
  0.12898709999999999       0.20543261230348886       0.23840338809184342     
  0.12998699999999999       0.20624282173908304       0.23985172103958599     
  0.13098689999999999       0.20704289560783892       0.24129458909677129     
  0.13198679999999999       0.20783288962082430       0.24273200488353611     
  0.13298669999999999       0.20861285917042133       0.24416398094505967     
  0.13398659999999998       0.20938285933405762       0.24559052975209739     
  0.13498649999999998       0.21014294487787039       0.24701166370152669     
  0.13598640000000001       0.21089317026030621       0.24842739511687095     
  0.13698630000000001       0.21163358963565568       0.24983773624882816     
  0.13798620000000000       0.21236425685752663       0.25124269927579213     
  0.13898610000000000       0.21308522548225442       0.25264229630436785     
  0.13998600000000000       0.21379654877225224       0.25403653936988763     
  0.14098590000000000       0.21449827969930241       0.25542544043691229     
  0.14198580000000000       0.21519047094778931       0.25680901139973977     
  0.14298569999999999       0.21587317491787492       0.25818726408289805     
  0.14398559999999999       0.21654644372861850       0.25956021024164705     
  0.14498549999999999       0.21721032922104205       0.26092786156245851     
  0.14598539999999999       0.21786488296114137       0.26229022966350768     
  0.14698529999999999       0.21851015624284462       0.26364732609514741     
  0.14798519999999998       0.21914620009091876       0.26499916234039506     
  0.14898509999999998       0.21977306526382637       0.26634574981539438     
  0.14998500000000001       0.22039080225653204       0.26768709986988753     
  0.15098490000000001       0.22116148922913498       0.26902322378767979     
  0.15198480000000000       0.22192489166734780       0.27035413278709541     
  0.15298470000000000       0.22267858054269665       0.27167983802144136     
  0.15398460000000000       0.22342259987713353       0.27300035057944777     
  0.15498450000000000       0.22415699361594166       0.27431568148572516     
  0.15598440000000000       0.22488180562622609       0.27562584170120130     
  0.15698429999999999       0.22559707969547679       0.27693084212356600     
  0.15798419999999999       0.22630285953019846       0.27823069358770036     
  0.15898409999999999       0.22699918875460845       0.27952540686611971     
  0.15998399999999999       0.22768611090939431       0.28081499266938997     
  0.16098389999999999       0.22836366945053427       0.28209946164655975     
  0.16198379999999998       0.22903190774817248       0.28337882438558071     
  0.16298369999999998       0.22969086908555167       0.28465309141371919     
  0.16398360000000001       0.23034059665799636       0.28592227319797636     
  0.16498350000000001       0.23098113357194794       0.28718638014549408     
  0.16598340000000000       0.23161252284404765       0.28844542260396627     
  0.16698330000000000       0.23223480740026514       0.28969941086203232     
  0.16798320000000000       0.23284803007507282       0.29094835514968709     
  0.16898310000000000       0.23345223361066084       0.29219226563866946     
  0.16998300000000000       0.23404746065619420       0.29343115244286266     
  0.17098289999999999       0.23463375376710863       0.29466502561867131     
  0.17198279999999999       0.23521115540444332       0.29589389516542153     
  0.17298269999999999       0.23577970793420958       0.29711777102573089     
  0.17398259999999999       0.23633945362679426       0.29833666308589918     
  0.17498249999999999       0.23689043465639587       0.29955058117627331     
  0.17598239999999998       0.23759000172971959       0.30075953507162939     
  0.17698229999999998       0.23828289362433278       0.30196353449153629     
  0.17798220000000001       0.23896633959075789       0.30316258910072796     
  0.17898210000000001       0.23964037813679989       0.30435670850945884     
  0.17998200000000000       0.24030504779071954       0.30554590227387457     
  0.18098190000000000       0.24096038709841178       0.30673017989635792     
  0.18198180000000000       0.24160643462066866       0.30790955082589372     
  0.18298170000000000       0.24224322893052203       0.30908402445841349     
  0.18398160000000000       0.24287080861066546       0.31025361013714592     
  0.18498149999999999       0.24348921225095069       0.31141831715296264     
  0.18598139999999999       0.24409847844595883       0.31257815474472156     
  0.18698129999999999       0.24469864579264025       0.31373313209960313     
  0.18798119999999999       0.24528975288802510       0.31488325835345166     
  0.18898109999999999       0.24587183832699852       0.31602854259110702     
  0.18998099999999998       0.24644494070014120       0.31716899384673553     
  0.19098089999999998       0.24700909859163112       0.31830462110416208     
  0.19198080000000001       0.24756435057720666       0.31943543329718893     
  0.19298070000000001       0.24811073522218663       0.32056143930992648     
  0.19398060000000000       0.24864829107954808       0.32168264797710899     
  0.19498050000000000       0.24917705668805776       0.32279906808441483     
  0.19598040000000000       0.24969707057045742       0.32391070836878022     
  0.19698030000000000       0.25020837123170009       0.32501757751871285     
  0.19798020000000000       0.25071099715723560       0.32611968417459980     
  0.19898009999999999       0.25120498681134584       0.32721703692901905     
  0.19997999999999999       0.25169037863552490       0.32830964432704085     
  0.20097989999999999       0.25233743494110977       0.32939751486653107     
  0.20197979999999999       0.25297849419759610       0.33048065699845269     
  0.20297969999999999       0.25361010882071983       0.33155907912716059     
  0.20397959999999998       0.25423231519302170       0.33263278961070164     
  0.20497949999999998       0.25484514976290062       0.33370179676110040     
  0.20597939999999998       0.25544864904148024       0.33476610884465646     
  0.20697930000000000       0.25604284959955254       0.33582573408222877     
  0.20797920000000000       0.25662778806459341       0.33688068064952126     
  0.20897910000000000       0.25720350111784956       0.33793095667736717     
  0.20997900000000000       0.25777002549149425       0.33897657025201067     
  0.21097890000000000       0.25832739796585186       0.34001752941538399     
  0.21197880000000000       0.25887565536668528       0.34105384216538642     
  0.21297869999999999       0.25941483456254993       0.34208551645615687     
  0.21397859999999999       0.25994497246220694       0.34311256019834718     
  0.21497849999999999       0.26046610601209891       0.34413498125939002     
  0.21597839999999999       0.26097827219388259       0.34515278746377009     
  0.21697829999999999       0.26148150802201986       0.34616598659328857     
  0.21797819999999998       0.26197585054142314       0.34717458638732385     
  0.21897809999999998       0.26246133682515627       0.34817859454309785     
  0.21997799999999998       0.26293800397218636       0.34917801871593313     
  0.22097790000000000       0.26340588910518864       0.35017286651950819     
  0.22197780000000000       0.26386502936840001       0.35116314552611816     
  0.22297770000000000       0.26431546192552152       0.35214886326692285     
  0.22397760000000000       0.26475722395766821       0.35313002723220194     
  0.22497750000000000       0.26519035266136576       0.35410664487159904     
  0.22597739999999999       0.26578648624312723       0.35507872359437798     
  0.22697729999999999       0.26637697223872503       0.35604627076965922     
  0.22797719999999999       0.26695788498186407       0.35700929372666951     
  0.22897709999999999       0.26752926100627844       0.35796779975498000     
  0.22997699999999999       0.26809113692694625       0.35892179610474689     
  0.23097689999999999       0.26864354943706226       0.35987128998695328     
  0.23197679999999998       0.26918653530507597       0.36081628857363529     
  0.23297669999999998       0.26972013137178785       0.36175679899812963     
  0.23397659999999998       0.27024437454750722       0.36269282835529354     
  0.23497650000000000       0.27075930180926605       0.36362438370174438     
  0.23597640000000000       0.27126495019809160       0.36455147205608313     
  0.23697630000000000       0.27176135681633284       0.36547410039912287     
  0.23797620000000000       0.27224855882504184       0.36639227567411597     
  0.23897610000000000       0.27272659344140721       0.36730600478697600     
  0.23997599999999999       0.27319549793623932       0.36821529460649777     
  0.24097589999999999       0.27365530963150553       0.36912015196458009     
  0.24197579999999999       0.27410606589791559       0.37002058365644486     
  0.24297569999999999       0.27454780415255275       0.37091659644085012     
  0.24397559999999999       0.27498056185655462       0.37180819704030960     
  0.24497549999999998       0.27540437651283645       0.37269539214130021     
  0.24597539999999998       0.27581928566386266       0.37357818839448309     
  0.24697529999999998       0.27622532688945878       0.37445659241490459     
  0.24797519999999998       0.27662253780466844       0.37533061078220775     
  0.24897510000000000       0.27701095605765030       0.37620025004084534     
  0.24997500000000000       0.27739061932761711       0.37706551670027372     
  0.25097490000000000       0.27794521816423373       0.37792641723516956     
  0.25197480000000000       0.27849465317996602       0.37878295808561990     
  0.25297470000000000       0.27903423779955505       0.37963514565733331     
  0.25397459999999999       0.27956401018180393       0.38048298632183342     
  0.25497449999999999       0.28008400857117349       0.38132648641665867     
  0.25597439999999999       0.28059427129491715       0.38216565224555676     
  0.25697429999999999       0.28109483676026870       0.38300049007868309     
  0.25797419999999999       0.28158574345168114       0.38383100615279031     
  0.25897409999999998       0.28206702992811511       0.38465720667142128     
  0.25997399999999998       0.28253873482037584       0.38547909780510448     
  0.26097389999999998       0.28300089682849805       0.38629668569153530     
  0.26197379999999998       0.28345355471917827       0.38710997643576606     
  0.26297369999999998       0.28389674732325276       0.38791897611039944     
  0.26397359999999997       0.28433051353321842       0.38872369075576085     
  0.26497349999999997       0.28475489230080042       0.38952412638009210     
  0.26597339999999997       0.28516992263456070       0.39032028895973081     
  0.26697329999999997       0.28557564359754939       0.39111218443929130     
  0.26797319999999997       0.28597209430499743       0.39189981873183788     
  0.26897309999999996       0.28635931392204778       0.39268319771907539     
  0.26997299999999996       0.28673734166152992       0.39346232725151570     
  0.27097290000000002       0.28710621678176845       0.39423721314865662     
  0.27197280000000001       0.28746597858443323       0.39500786119915776     
  0.27297270000000001       0.28781666641242382       0.39577427716101071     
  0.27397260000000001       0.28815831964779237       0.39653646676171456     
  0.27497250000000001       0.28849097770970122       0.39729443569844008     
  0.27597240000000001       0.28900930787451801       0.39804818963820476     
  0.27697230000000000       0.28952287655587733       0.39879773421804232     
  0.27797220000000000       0.29002620166096726       0.39954307504516046     
  0.27897210000000000       0.29051932419096049       0.40028421769711464     
  0.27997200000000000       0.29100228523007943       0.40102116772196922     
  0.28097190000000000       0.29147512594289426       0.40175393063846343     
  0.28197179999999999       0.29193788757166750       0.40248251193616696     
  0.28297169999999999       0.29239061143373946       0.40320691707564904     
  0.28397159999999999       0.29283333891895624       0.40392715148863029     
  0.28497149999999999       0.29326611148714027       0.40464322057814678     
  0.28597139999999999       0.29368897066560018       0.40535512971870824     
  0.28697129999999998       0.29410195804668177       0.40606288425644482     
  0.28797119999999998       0.29450511528535761       0.40676648950927419     
  0.28897109999999998       0.29489848409685449       0.40746595076704845     
  0.28997099999999998       0.29528210625431872       0.40816127329171031     
  0.29097089999999998       0.29565602358651988       0.40885246231744005     
  0.29197079999999997       0.29602027797558844       0.40953952305081370     
  0.29297069999999997       0.29637491135479016       0.41022246067094453     
  0.29397059999999997       0.29671996570633530       0.41090128032963869     
  0.29497049999999997       0.29705548305922241       0.41157598715153770     
  0.29597039999999997       0.29738150548711489       0.41224658623426830     
  0.29697029999999996       0.29769807510625085       0.41291308264858478     
  0.29797019999999996       0.29800523407338531       0.41357548143851564     
  0.29897010000000002       0.29830302458376484       0.41423378762150698     
  0.29997000000000001       0.29859148886913189       0.41488800618856420     
  0.30096990000000001       0.29907447087021066       0.41553814210439094     
  0.30196980000000001       0.29955301429663261       0.41618420030753672     
  0.30296970000000001       0.30002083729659751       0.41682618571052399     
  0.30396960000000001       0.30047798477085325       0.41746410320000088     
  0.30496950000000000       0.30092450169532992       0.41809795763686980     
  0.30596940000000000       0.30136043311858884       0.41872775385642441     
  0.30696930000000000       0.30178582415930799       0.41935349666848748     
  0.30796920000000000       0.30220072000380555       0.41997519085754137     
  0.30896910000000000       0.30260516590360004       0.42059284118286905     
  0.30996899999999999       0.30299920717300283       0.42120645237868221     
  0.31096889999999999       0.30338288918675071       0.42181602915424854     
  0.31196879999999999       0.30375625737766943       0.42242157619403503     
  0.31296869999999999       0.30411935723437150       0.42302309815781824     
  0.31396859999999999       0.30447223429898823       0.42362059968084009     
  0.31496849999999998       0.30481493416493344       0.42421408537391087     
  0.31596839999999998       0.30514750247470018       0.42480355982354762     
  0.31696829999999998       0.30546998491768829       0.42538902759210184     
  0.31796819999999998       0.30578242722806243       0.42597049321788377     
  0.31896809999999998       0.30608487518264216       0.42654796121528499     
  0.31996799999999997       0.30637737459882103       0.42712143607489939     
  0.32096789999999997       0.30665997133251477       0.42769092226365651     
  0.32196779999999997       0.30693271127613858       0.42825642422493265     
  0.32296769999999997       0.30719564035661312       0.42881794637867687     
  0.32396759999999997       0.30744880453339912       0.42937549312153278     
  0.32496749999999996       0.30769224979655774       0.42992906882695625     
  0.32596739999999996       0.30814493437356016       0.43047867784533156     
  0.32696729999999996       0.30859363928434885       0.43102432450409306     
  0.32796720000000001       0.30903103169600077       0.43156601310784581     
  0.32896710000000001       0.30945716148633151       0.43210374793846978     
  0.32996700000000001       0.30987207859761606       0.43263753325525112     
  0.33096690000000001       0.31027583303414247       0.43316737329498284     
  0.33196680000000001       0.31066847485980120       0.43369327227208854     
  0.33296670000000000       0.31105005419570614       0.43421523437872817     
  0.33396660000000000       0.31142062121784697       0.43473326378492039     
  0.33496650000000000       0.31178022615477191       0.43524736463864361     
  0.33596640000000000       0.31212891928530467       0.43575754106595227     
  0.33696630000000000       0.31246675093628778       0.43626379717108787     
  0.33796619999999999       0.31279377148035870       0.43676613703658557     
  0.33896609999999999       0.31311003133375293       0.43726456472338460     
  0.33996599999999999       0.31341558095413846       0.43775908427093674     
  0.34096589999999999       0.31371047083847664       0.43824969969731320     
  0.34196579999999999       0.31399475152091233       0.43873641499930782     
  0.34296569999999998       0.31426847357069065       0.43921923415255021     
  0.34396559999999998       0.31453168759010125       0.43969816111160398     
  0.34496549999999998       0.31478444421245000       0.44017319981007269     
  0.34596539999999998       0.31502679410005557       0.44064435416070930     
  0.34696529999999998       0.31525878794227274       0.44111162805550913     
  0.34796519999999997       0.31548047645354049       0.44157502536582294     
  0.34896509999999997       0.31569191037145705       0.44203454994244784     
  0.34996499999999997       0.31589314045487693       0.44249020561573882     
  0.35096489999999997       0.31632078722524626       0.44294199619570507     
  0.35196479999999997       0.31674496232593125       0.44338992547210093     
  0.35296469999999996       0.31715710580509449       0.44383399721454192     
  0.35396459999999996       0.31755727370949710       0.44427421517258597     
  0.35496449999999996       0.31794552213685712       0.44471058307584738     
  0.35596440000000001       0.31832190723347059       0.44514310463408013     
  0.35696430000000001       0.31868648519186160       0.44557178353727961     
  0.35796420000000001       0.31903931224846160       0.44599662345578178     
  0.35896410000000001       0.31938044468131760       0.44641762804035595     
  0.35996400000000001       0.31970993880782661       0.44683480092229338     
  0.36096390000000000       0.32002785098250075       0.44724814571350946     
  0.36196380000000000       0.32033423759475838       0.44765766600663809     
  0.36296370000000000       0.32062915506674050       0.44806336537511238     
  0.36396360000000000       0.32091265985115641       0.44846524737327093     
  0.36496350000000000       0.32118480842915392       0.44886331553644215     
  0.36596339999999999       0.32144565730821528       0.44925757338103600     
  0.36696329999999999       0.32169526302007950       0.44964802440463209     
  0.36796319999999999       0.32193368211868811       0.45003467208607661     
  0.36896309999999999       0.32216097117815673       0.45041751988556283     
  0.36996299999999999       0.32237718679077104       0.45079657124472150     
  0.37096289999999998       0.32258238556500590       0.45117182958672064     
  0.37196279999999998       0.32277662412356783       0.45154329831633272     
  0.37296269999999998       0.32295995910146169       0.45191098082003978     
  0.37396259999999998       0.32313244714408018       0.45227488046610770     
  0.37496249999999998       0.32329414490531494       0.45263500060467871     
  0.37596239999999997       0.32369361664480722       0.45299134456785101     
  0.37696229999999997       0.32408993029784755       0.45334391566977167     
  0.37796219999999997       0.32447342463830364       0.45369271720671361     
  0.37896209999999997       0.32484416303813790       0.45403775245715966     
  0.37996199999999997       0.32520220890238344       0.45437902468188923     
  0.38096189999999996       0.32554762566680912       0.45471653712406196     
  0.38196179999999996       0.32588047679561277       0.45505029300929062     
  0.38296169999999996       0.32620082577913928       0.45538029554573251     
  0.38396160000000001       0.32650873613162501       0.45570654792416709     
  0.38496150000000001       0.32680427138896895       0.45602905331807064     
  0.38596140000000001       0.32708749510652740       0.45634781488371057     
  0.38696130000000001       0.32735847085693537       0.45666283576020966     
  0.38796120000000001       0.32761726222795134       0.45697411906963159     
  0.38896110000000000       0.32786393282032622       0.45728166791705926     
  0.38996100000000000       0.32809854624569684       0.45758548539067467     
  0.39096090000000000       0.32832116612450363       0.45788557456183104     
  0.39196080000000000       0.32853185608392976       0.45818193848513133     
  0.39296070000000000       0.32873067975586440       0.45847458019851239     
  0.39396059999999999       0.32891770077488863       0.45876350272330935     
  0.39496049999999999       0.32909298277628374       0.45904870906433887     
  0.39596039999999999       0.32925658939406105       0.45933020220996829     
  0.39696029999999999       0.32940858425901376       0.45960798513219897     
  0.39796019999999999       0.32954903099678950       0.45988206078673044     
  0.39896009999999998       0.32967799322598640       0.46015243211304230     
  0.39995999999999998       0.32979553455626748       0.46041910203445946     
  0.40095989999999998       0.33033362169904318       0.46068207345823392     
  0.40195979999999998       0.33087444119283033       0.46094134927560720     
  0.40295969999999998       0.33139999134519854       0.46119693236189008     
  0.40395959999999997       0.33191034958209992       0.46144882557653283     
  0.40495949999999997       0.33240559335867531       0.46169703176318944     
  0.40595939999999997       0.33288580015658492       0.46194155374979667     
  0.40695929999999997       0.33335104748136635       0.46218239434864011     
  0.40795919999999997       0.33380141285982073       0.46241955635641913     
  0.40895909999999996       0.33423697383742534       0.46265304255432949     
  0.40995899999999996       0.33465780797577588       0.46288285570811888     
  0.41095889999999996       0.33506399285005289       0.46310899856815790     
  0.41195879999999996       0.33545560604651681       0.46333147386951218     
  0.41295870000000001       0.33583272516002766       0.46355028433200918     
  0.41395860000000001       0.33619542779159151       0.46376543266029902     
  0.41495850000000001       0.33654379154593189       0.46397692154393183     
  0.41595840000000001       0.33687789402908708       0.46418475365741430     
  0.41695830000000000       0.33719781284603195       0.46438893166027861     
  0.41795820000000000       0.33750362559832320       0.46458945819714920     
  0.41895810000000000       0.33779540988177048       0.46478633589781171     
  0.41995800000000000       0.33807324328413130       0.46497956737726331     
  0.42095790000000000       0.33833720338282885       0.46516915523579416     
  0.42195779999999999       0.33858736774269232       0.46535510205904196     
  0.42295769999999999       0.33882381391372229       0.46553741041805419     
  0.42395759999999999       0.33904661942887837       0.46571608286935962     
  0.42495749999999999       0.33925586180188805       0.46589112195501942     
  0.42595739999999999       0.33945161852507832       0.46606253020269928     
  0.42695729999999998       0.33963396706722965       0.46623031012572541     
  0.42795719999999998       0.33980298487145233       0.46639446422314834     
  0.42895709999999998       0.33995874935308218       0.46655499497980668     
  0.42995699999999998       0.34010133789759828       0.46671190486638375     
  0.43095689999999998       0.34023082785856207       0.46686519633946522     
  0.43195679999999997       0.34034729655557722       0.46701487184160834     
  0.43295669999999997       0.34045082127226883       0.46716093380139767     
  0.43395659999999997       0.34054147925428274       0.46730338463349808     
  0.43495649999999997       0.34061934770730562       0.46744222673872310     
  0.43595639999999997       0.34068450379510468       0.46757746250408799     
  0.43695629999999996       0.34073702463758554       0.46770909430287178     
  0.43795619999999996       0.34077698730887007       0.46783712449466869     
  0.43895609999999996       0.34080446883539356       0.46796155542545459     
  0.43995599999999996       0.34081954619401950       0.46808238942763564     
  0.44095590000000001       0.34082229631017419       0.46819962882011451     
  0.44195580000000001       0.34081279605599757       0.46831327590833460     
  0.44295570000000001       0.34079112224851488       0.46842333298434563     
  0.44395560000000001       0.34075735164782245       0.46852980232686486     
  0.44495550000000000       0.34071156095529559       0.46863268620131332     
  0.44595540000000000       0.34065382681181000       0.46873198685988604     
  0.44695530000000000       0.34058422579598185       0.46882770654161043     
  0.44795520000000000       0.34050283442242468       0.46891984747238502     
  0.44895510000000000       0.34040972914002443       0.46900841186504766     
  0.44995499999999999       0.34030498633022865       0.46909340191942112     
  0.45095489999999999       0.34082648165115481       0.46917481982237380     
  0.45195479999999999       0.34136000263591249       0.46925266774786439     
  0.45295469999999999       0.34187544563348654       0.46932694785700424     
  0.45395459999999999       0.34237291458190106       0.46939766229810220     
  0.45495449999999998       0.34285251338126155       0.46946481320671890     
  0.45595439999999998       0.34331434589097698       0.46952840270572477     
  0.45695429999999998       0.34375851592700613       0.46958843290534436     
  0.45795419999999998       0.34418512725913025       0.46964490590320657     
  0.45895409999999998       0.34459428360824895       0.46969782378440261     
  0.45995399999999997       0.34498608864370378       0.46974718862153819     
  0.46095389999999997       0.34536064598062449       0.46979300247477185     
  0.46195379999999997       0.34571805917730086       0.46983526739187687     
  0.46295369999999997       0.34605843173257672       0.46987398540828651     
  0.46395359999999997       0.34638186708326968       0.46990915854714543     
  0.46495349999999996       0.34668846860161417       0.46994078881935258     
  0.46595339999999996       0.34697833959272678       0.46996887822362005     
  0.46695329999999996       0.34725158329209493       0.46999342874652367     
  0.46795319999999996       0.34750830286308831       0.47001444236252843     
  0.46895309999999996       0.34774860139449371       0.47003192103406705     
  0.46995300000000001       0.34797258189807118       0.47004586671157150     
  0.47095290000000001       0.34818034730613157       0.47005628133351779     
  0.47195280000000001       0.34837200046913713       0.47006316682648702     
  0.47295270000000000       0.34854764415332284       0.47006652510519675     
  0.47395260000000000       0.34870738103833987       0.47006635807255920     
  0.47495250000000000       0.34885131371491901       0.47006266761972537     
  0.47595240000000000       0.34897954468255477       0.47005545562612339     
  0.47695230000000000       0.34909217634721151       0.47004472395952002     
  0.47795219999999999       0.34918931101904910       0.47003047447604912     
  0.47895209999999999       0.34927105091016797       0.47001270902027031     
  0.47995199999999999       0.34933749813237475       0.46999142942520600     
  0.48095189999999999       0.34938875469496850       0.46996663751238854     
  0.48195179999999999       0.34942492250254498       0.46993833509191318     
  0.48295169999999998       0.34944610335282095       0.46990652396246696     
  0.48395159999999998       0.34945239893447666       0.46987120591138221     
  0.48495149999999998       0.34944391082501841       0.46983238271468281     
  0.48595139999999998       0.34942074048865979       0.46979005613712438     
  0.48695129999999998       0.34938298927422018       0.46974422793223347     
  0.48795119999999997       0.34933075841304168       0.46969489984235596     
  0.48895109999999997       0.34926414901692521       0.46964207359870180     
  0.48995099999999997       0.34918326207608402       0.46958575092138255     
  0.49095089999999997       0.34908819845711470       0.46952593351945654     
  0.49195079999999997       0.34897905890098474       0.46946262309096753     
  0.49295069999999996       0.34885594402103876       0.46939582132299651     
  0.49395059999999996       0.34871895430102279       0.46932552989168785     
  0.49495049999999996       0.34856819009312218       0.46925175046230716     
  0.49595039999999996       0.34840375161601922       0.46917448468927136     
  0.49695029999999996       0.34822573895296566       0.46909373421618827     
  0.49795020000000001       0.34803425204987415       0.46900950067591057     
  0.49895010000000001       0.34782939071342195       0.46892178569056464     
  0.49995000000000001       0.34761125460917425       0.46883059087158857     
  0.50094989999999995       0.34813575413448145       0.46873591781978741     
  0.50194980000000000       0.34867826932873641       0.46863776812535712     
  0.50294969999999994       0.34919893582301087       0.46853614336792937     
  0.50394960000000000       0.34969789643990096       0.46843104511661809     
  0.50494949999999994       0.35017529385496732       0.46832247493004558     
  0.50594939999999999       0.35063127059365284       0.46821043435639170     
  0.50694929999999994       0.35106596902822890       0.46809492493342802     
  0.50794919999999999       0.35147953137476440       0.46797594818855864     
  0.50894909999999993       0.35187209969012007       0.46785350563885836     
  0.50994899999999999       0.35224381586896819       0.46772759879110587     
  0.51094889999999993       0.35259482164083561       0.46759822914182780     
  0.51194879999999998       0.35292525856717122       0.46746539817733385     
  0.51294870000000004       0.35323526803843797       0.46732910737375610     
  0.51394859999999998       0.35352499127122666       0.46718935819707919     
  0.51494850000000003       0.35379456930539549       0.46704615210318917     
  0.51594839999999997       0.35404414300123066       0.46689949053790047     
  0.51694830000000003       0.35427385303663134       0.46674937493699298     
  0.51794819999999997       0.35448383990431576       0.46659580672625600     
  0.51894810000000002       0.35467424390905167       0.46643878732151528     
  0.51994799999999997       0.35484520516490764       0.46627831812867709     
  0.52094790000000002       0.35499686359252619       0.46611440054376119     
  0.52194779999999996       0.35512935891641983       0.46594703595292636     
  0.52294770000000002       0.35524283066228796       0.46577622573252764     
  0.52394759999999996       0.35533741815435538       0.46560197124912883     
  0.52494750000000001       0.35541326051273087       0.46542427385955187     
  0.52594739999999995       0.35547049665078873       0.46524313491090608     
  0.52694730000000001       0.35550926527256921       0.46505855574062271     
  0.52794719999999995       0.35552970487020075       0.46487053767649178     
  0.52894710000000000       0.35553195372134128       0.46467908203669550     
  0.52994699999999995       0.35551614988664082       0.46448419012984210     
  0.53094690000000000       0.35548243120722339       0.46428586325499260     
  0.53194679999999994       0.35543093530218867       0.46408410270171052     
  0.53294670000000000       0.35536179956613334       0.46387890975008161     
  0.53394659999999994       0.35527516116669244       0.46367028567074836     
  0.53494649999999999       0.35517115704209784       0.46345823172495271     
  0.53594639999999993       0.35504992389875828       0.46324274916455588     
  0.53694629999999999       0.35491159820885665       0.46302383923208390     
  0.53794619999999993       0.35475631620796588       0.46280150316074570     
  0.53894609999999998       0.35458421389268419       0.46257574217448272     
  0.53994599999999993       0.35439542701828719       0.46234655748798542     
  0.54094589999999998       0.35419009109640065       0.46211395030673635     
  0.54194580000000003       0.35396834139268724       0.46187792182703058     
  0.54294569999999998       0.35373031292455503       0.46163847323602081     
  0.54394560000000003       0.35347614045888082       0.46139560571173949     
  0.54494549999999997       0.35320595850975200       0.46114932042313483     
  0.54594540000000003       0.35291990133622636       0.46089961853009670     
  0.54694529999999997       0.35261810294010670       0.46064650118349409     
  0.54794520000000002       0.35230069706373518       0.46038996952519817     
  0.54894509999999996       0.35196781718780207       0.46013002468812264     
  0.54994500000000002       0.35161959652917252       0.45986666779624652     
  0.55094489999999996       0.35216984347603292       0.45959989996464506     
  0.55194480000000001       0.35274634052401377       0.45932972229952473     
  0.55294469999999996       0.35329577083403235       0.45905613589824723     
  0.55394460000000001       0.35381833635159637       0.45877914184936452     
  0.55494449999999995       0.35431423868666395       0.45849874123264533     
  0.55594440000000001       0.35478367910999153       0.45821493511910322     
  0.55694429999999995       0.35522685854950603       0.45792772457102870     
  0.55794420000000000       0.35564397758670613       0.45763711064202173     
  0.55894409999999994       0.35603523645308849       0.45734309437701132     
  0.55994400000000000       0.35640083502660086       0.45704567681229014     
  0.56094389999999994       0.35674097282812073       0.45674485897554601     
  0.56194379999999999       0.35705584901796056       0.45644064188588346     
  0.56294369999999994       0.35734566239239679       0.45613302655386012     
  0.56394359999999999       0.35761061138022626       0.45582201398150263     
  0.56494349999999993       0.35785089403934545       0.45550760516235139     
  0.56594339999999999       0.35806670805335733       0.45518980108147367     
  0.56694329999999993       0.35825825072819889       0.45486860271549967     
  0.56794319999999998       0.35842571898879727       0.45454401103264619     
  0.56894310000000003       0.35856930937574638       0.45421602699274716     
  0.56994299999999998       0.35868921804201037       0.45388465154727697     
  0.57094290000000003       0.35878564074964825       0.45354988563938425     
  0.57194279999999997       0.35885877286656459       0.45321173020390959     
  0.57294270000000003       0.35890880936328068       0.45287018616741909     
  0.57394259999999997       0.35893594480973179       0.45252525444823061     
  0.57494250000000002       0.35894037337208434       0.45217693595643726     
  0.57594239999999997       0.35892228880957799       0.45182523159393662     
  0.57694230000000002       0.35888188447138908       0.45147014225445564     
  0.57794219999999996       0.35881935329351666       0.45111166882357762     
  0.57894210000000002       0.35873488779569068       0.45074981217876697     
  0.57994199999999996       0.35862868007830140       0.45038457318939490     
  0.58094190000000001       0.35850092181935228       0.45001595271676614     
  0.58194179999999995       0.35835180427143132       0.44964395161414777     
  0.58294170000000001       0.35818151825870687       0.44926857072678628     
  0.58394159999999995       0.35799025417394253       0.44888981089193974     
  0.58494150000000000       0.35777820197553423       0.44850767293890204     
  0.58594139999999995       0.35754555118456666       0.44812215768902502     
  0.58694130000000000       0.35729249088189158       0.44773326595574670     
  0.58794119999999994       0.35701920970522583       0.44734099854461407     
  0.58894110000000000       0.35672589584627040       0.44694535625330672     
  0.58994099999999994       0.35641273704784798       0.44654633987166342     
  0.59094089999999999       0.35607992060106136       0.44614395018170749     
  0.59194079999999993       0.35572763334247259       0.44573818795766801     
  0.59294069999999999       0.35535606165129896       0.44532905396600225     
  0.59394059999999993       0.35496539144663158       0.44491654896542893     
  0.59494049999999998       0.35455580818467003       0.44450067370693952     
  0.59594039999999993       0.35412749685597861       0.44408142893383168     
  0.59694029999999998       0.35368064198275939       0.44365881538172758     
  0.59794020000000003       0.35321542761614610       0.44323283377860156     
  0.59894009999999998       0.35273203733351427       0.44280348484479587     
  0.59994000000000003       0.35223065423581207       0.44237076929305319     
  0.60093989999999997       0.35283790962131872       0.44193468782853534     
  0.60193980000000002       0.35348278053745086       0.44149524114884514     
  0.60293969999999997       0.35409313713226021       0.44105242994404581     
  0.60393960000000002       0.35466927527255243       0.44060625489669825     
  0.60493949999999996       0.35521149014227804       0.44015671668186535     
  0.60593940000000002       0.35572007623787116       0.43970381596714581     
  0.60693929999999996       0.35619532736362075       0.43924755341269278     
  0.60793920000000001       0.35663753662707143       0.43878792967123681     
  0.60893909999999996       0.35704699643445531       0.43832494538810796     
  0.60993900000000001       0.35742399848615519       0.43785860120125653     
  0.61093889999999995       0.35776883377219615       0.43738889774127737     
  0.61193880000000000       0.35808179256776740       0.43691583563143077     
  0.61293869999999995       0.35836316442877475       0.43643941548766291     
  0.61393860000000000       0.35861323818742069       0.43595963791862408     
  0.61493849999999994       0.35883230194781474       0.43547650352570050     
  0.61593840000000000       0.35902064308161247       0.43499001290302614     
  0.61693829999999994       0.35917854822368200       0.43450016663750646     
  0.61793819999999999       0.35930630326780066       0.43400696530883898     
  0.61893809999999994       0.35940419336237817       0.43351040948953912     
  0.61993799999999999       0.35947250290620897       0.43301049974495343     
  0.62093789999999993       0.35951151554425081       0.43250723663328533     
  0.62193779999999999       0.35952151416343209       0.43200062070561357     
  0.62293769999999993       0.35950278088848553       0.43149065250591256     
  0.62393759999999998       0.35945559707780922       0.43097733257107801     
  0.62493749999999992       0.35938024331935481       0.43046066143093864     
  0.62593739999999998       0.35927699942654129       0.42994063960827977     
  0.62693730000000003       0.35914614443419546       0.42941726761886756     
  0.62793719999999997       0.35898795659451987       0.42889054597146481     
  0.62893710000000003       0.35880271337308389       0.42836047516785009     
  0.62993699999999997       0.35859069144484335       0.42782705570284174     
  0.63093690000000002       0.35835216669018394       0.42729028806431213     
  0.63193679999999997       0.35808741419099055       0.42675017273321064     
  0.63293670000000002       0.35779670822674148       0.42620671018358164     
  0.63393659999999996       0.35748032227062804       0.42565990088258698     
  0.63493650000000001       0.35713852898569753       0.42510974529051898     
  0.63593639999999996       0.35677160022102278       0.42455624386082824     
  0.63693630000000001       0.35637980700789434       0.42399939704013134     
  0.63793619999999995       0.35596341955603683       0.42343920526824308     
  0.63893610000000001       0.35552270724985097       0.42287566897818085     
  0.63993599999999995       0.35505793864467672       0.42230878859619791     
  0.64093590000000000       0.35456938146308226       0.42173856454179071     
  0.64193579999999995       0.35405730259117502       0.42116499722772510     
  0.64293570000000000       0.35352196807493647       0.42058808706004552     
  0.64393559999999994       0.35296364311657979       0.42000783443810402     
  0.64493549999999999       0.35238259207092953       0.41942423975457327     
  0.64593539999999994       0.35177907844182621       0.41883730339546271     
  0.64693529999999999       0.35115336487855026       0.41824702574013944     
  0.64793519999999993       0.35050571317227103       0.41765340716134741     
  0.64893509999999999       0.34983638425251590       0.41705644802522301     
  0.64993499999999993       0.34914563818366295       0.41645614869131092     
  0.65093489999999998       0.34985989363000308       0.41585250951258457     
  0.65193479999999993       0.35062801144466538       0.41524553083546706     
  0.65293469999999998       0.35135046804858583       0.41463521299983852     
  0.65393459999999992       0.35202771768024327       0.41402155633906729     
  0.65493449999999998       0.35266021320625179       0.41340456118001184     
  0.65593440000000003       0.35324840611489317       0.41278422784305130     
  0.65693429999999997       0.35379274650968739       0.41216055664209422     
  0.65793420000000002       0.35429368310300391       0.41153354788459995     
  0.65893409999999997       0.35475166320970930       0.41090320187159363     
  0.65993400000000002       0.35516713274085510       0.41026951889768010     
  0.66093389999999996       0.35554053619740306       0.40963249925107048     
  0.66193380000000002       0.35587231666398805       0.40899214321358668     
  0.66293369999999996       0.35616291580271836       0.40834845106068574     
  0.66393360000000001       0.35641277384701359       0.40770142306147189     
  0.66493349999999996       0.35662232959547929       0.40705105947871828     
  0.66593340000000001       0.35679202040581803       0.40639736056887937     
  0.66693329999999995       0.35692228218877747       0.40574032658210585     
  0.66793320000000000       0.35701354940213348       0.40507995776226530     
  0.66893309999999995       0.35706625504471046       0.40441625434695255     
  0.66993300000000000       0.35708083065043567       0.40374921656751106     
  0.67093289999999994       0.35705770628243044       0.40307884464904881     
  0.67193280000000000       0.35699731052713496       0.40240513881044304     
  0.67293269999999994       0.35690007048846917       0.40172809926437641     
  0.67393259999999999       0.35676641178202684       0.40104772621732998     
  0.67493249999999994       0.35659675852930495       0.40036401986961956     
  0.67593239999999999       0.35639153335196688       0.39967698041539418     
  0.67693229999999993       0.35615115736613884       0.39898660804265912     
  0.67793219999999998       0.35587605017674029       0.39829290293329267     
  0.67893209999999993       0.35556662987184745       0.39759586526306068     
  0.67993199999999998       0.35522331301709004       0.39689549520162548     
  0.68093189999999992       0.35484651465008032       0.39619179291256756     
  0.68193179999999998       0.35443664827487509       0.39548475855340215     
  0.68293170000000003       0.35399412585646972       0.39477439227558553     
  0.68393159999999997       0.35351935781532479       0.39406069422453915     
  0.68493150000000003       0.35301275302192342       0.39334366453965508     
  0.68593139999999997       0.35247471879136172       0.39262330335431922     
  0.68693130000000002       0.35190566087796876       0.39189961079592073     
  0.68793119999999996       0.35130598346995989       0.39117258698587143     
  0.68893110000000002       0.35067608918411880       0.39044223203961226     
  0.68993099999999996       0.35001637906051158       0.38970854606663174     
  0.69093090000000001       0.34932725255723124       0.38897152917048489     
  0.69193079999999996       0.34860910754517149       0.38823118144880314     
  0.69293070000000001       0.34786234030283164       0.38748750299330509     
  0.69393059999999995       0.34708734551115089       0.38674049388981169     
  0.69493050000000001       0.34628451624837164       0.38599015421827104     
  0.69593039999999995       0.34545424398493374       0.38523648405275462     
  0.69693030000000000       0.34459691857839592       0.38447948346148569     
  0.69793019999999995       0.34371292826838756       0.38371915250684657     
  0.69893010000000000       0.34280265967158902       0.38295549124538913     
  0.69992999999999994       0.34186649777674022       0.38218849972785579     
  0.70092989999999999       0.34277646023388547       0.38141817799918909     
  0.70192979999999994       0.34376445249551835       0.38064452609855026     
  0.70292969999999999       0.34468895304115971       0.37986754405931689     
  0.70392959999999993       0.34555070559713047       0.37908723190911603     
  0.70492949999999999       0.34635045101403222       0.37830358966982808     
  0.70592939999999993       0.34708892725678886       0.37751661735759662     
  0.70692929999999998       0.34776686939474616       0.37672631498284559     
  0.70792919999999993       0.34838500959182223       0.37593268255029710     
  0.70892909999999998       0.34894407709671776       0.37513572005897383     
  0.70992899999999992       0.34944479823317520       0.37433542750222060     
  0.71092889999999997       0.34988789639029622       0.37353180486771237     
  0.71192880000000003       0.35027409201290866       0.37272485213746925     
  0.71292869999999997       0.35060410259199054       0.37191456928786748     
  0.71392860000000002       0.35087864265514279       0.37110095628965489     
  0.71492849999999997       0.35109842375711781       0.37028401310795817     
  0.71592840000000002       0.35126415447039744       0.36946373970230284     
  0.71692829999999996       0.35137654037582433       0.36864013602661772     
  0.71792820000000002       0.35143628405328287       0.36781320202925466     
  0.71892809999999996       0.35144408507243308       0.36698293765299078     
  0.71992800000000001       0.35140063998349297       0.36614934283505440     
  0.72092789999999995       0.35130664230807268       0.36531241750712579     
  0.72192780000000001       0.35116278253005750       0.36447216159535373     
  0.72292769999999995       0.35096974808654136       0.36362857502036566     
  0.72392760000000000       0.35072822335880788       0.36278165769728310     
  0.72492749999999995       0.35043888966336245       0.36193140953573127     
  0.72592740000000000       0.35010242524301116       0.36107783043984737     
  0.72692729999999994       0.34971950525798867       0.36022092030829944     
  0.72792720000000000       0.34929080177713318       0.35936067903429347     
  0.72892709999999994       0.34881698376911041       0.35849710650558436     
  0.72992699999999999       0.34829871709368321       0.35763020260449147     
  0.73092689999999993       0.34773666449302831       0.35675996720790509     
  0.73192679999999999       0.34713148558310158       0.35588640018730067     
  0.73292669999999993       0.34648383684504608       0.35500950140875354     
  0.73392659999999998       0.34579437161664967       0.35412927073294059     
  0.73492649999999993       0.34506374008384555       0.35324570801516159     
  0.73592639999999998       0.34429258927225936       0.35235881310534617     
  0.73692629999999992       0.34348156303880162       0.35146858584806279     
  0.73792619999999998       0.34263130206330367       0.35057502608253144     
  0.73892609999999992       0.34174244384019953       0.34967813364263689     
  0.73992599999999997       0.34081562267025017       0.34877790835693989     
  0.74092590000000003       0.33985146965231378       0.34787435004867906     
  0.74192579999999997       0.33885061267515731       0.34696745853579675     
  0.74292570000000002       0.33781367640931292       0.34605723363093710     
  0.74392559999999996       0.33674128229897660       0.34514367514145766     
  0.74492550000000002       0.33563404855394979       0.34422678286945035     
  0.74592539999999996       0.33449259014162330       0.34330655661174320     
  0.74692530000000001       0.33331751877900323       0.34238299615990936     
  0.74792519999999996       0.33210944292477906       0.34145610130028647     
  0.74892510000000001       0.33086896777143282       0.34052587181397659     
  0.74992499999999995       0.32959669523739021       0.33959230747686259     
  0.75092490000000001       0.33090129693062265       0.33865540805962119     
  0.75192479999999995       0.33232310481377741       0.33771517332772510     
  0.75292470000000000       0.33364948005224992       0.33677160304145726     
  0.75392459999999994       0.33488176566257832       0.33582469695592487     
  0.75492450000000000       0.33602129800807595       0.33487445482106165     
  0.75592439999999994       0.33706940678116293       0.33392087638164331     
  0.75692429999999999       0.33802741498578581       0.33296396137729578     
  0.75792419999999994       0.33889663891992927       0.33200370954250608     
  0.75892409999999999       0.33967838815821577       0.33104012060663057     
  0.75992399999999993       0.34037396553459431       0.33007319429390442     
  0.76092389999999999       0.34098466712511794       0.32910293032345511     
  0.76192379999999993       0.34151178223080780       0.32812932840930614     
  0.76292369999999998       0.34195659336060474       0.32715238826039122     
  0.76392359999999992       0.34232037621440797       0.32617210958056253     
  0.76492349999999998       0.34260439966619799       0.32518849206860051     
  0.76592339999999992       0.34280992574724695       0.32420153541822178     
  0.76692329999999997       0.34293820962941290       0.32321123931808943     
  0.76792320000000003       0.34299049960851641       0.32221760345182321     
  0.76892309999999997       0.34296803708780543       0.32122062749800795     
  0.76992300000000002       0.34287205656149827       0.32022031113020172     
  0.77092289999999997       0.34270378559841341       0.31921665401694993     
  0.77192280000000002       0.34246444482567839       0.31820965582178484     
  0.77292269999999996       0.34215524791252261       0.31719931620324449     
  0.77392260000000002       0.34177740155414910       0.31618563481487771     
  0.77492249999999996       0.34133210545568993       0.31516861130525159     
  0.77592240000000001       0.34082055231623748       0.31414824531796209     
  0.77692229999999995       0.34024392781296003       0.31312453649164163     
  0.77792220000000001       0.33960341058529203       0.31209748445997321     
  0.77892209999999995       0.33890017221920621       0.31106708885168888     
  0.77992200000000000       0.33813537723156212       0.31003334929058857     
  0.78092189999999995       0.33731018305453297       0.30899626539554326     
  0.78192180000000000       0.33642574002010900       0.30795583678050642     
  0.78292169999999994       0.33548319134467813       0.30691206305451701     
  0.78392160000000000       0.33448367311368210       0.30586494382171625     
  0.78492149999999994       0.33342831426634906       0.30481447868135031     
  0.78592139999999999       0.33231823658050075       0.30376066722777911     
  0.78692129999999993       0.33115455465743476       0.30270350905048826     
  0.78792119999999999       0.32993837590688052       0.30164300373409253     
  0.78892109999999993       0.32867080053203052       0.30057915085834841     
  0.78992099999999998       0.32735292151464240       0.29951194999815933     
  0.79092089999999993       0.32598582460021719       0.29844140072358460     
  0.79192079999999998       0.32457058828324709       0.29736750259984673     
  0.79292069999999992       0.32310828379253687       0.29629025518734570     
  0.79392059999999998       0.32159997507659610       0.29520965804165555     
  0.79492049999999992       0.32004671878910385       0.29412571071354193     
  0.79592039999999997       0.31844956427444121       0.29303841274896608     
  0.79692030000000003       0.31680955355329804       0.29194776368909359     
  0.79792019999999997       0.31512772130834632       0.29085376307030147     
  0.79892010000000002       0.31340509486998369       0.28975641042418782     
  0.79991999999999996       0.31164269420214719       0.28865570527757589     
  0.80091990000000002       0.31378087223826495       0.28755164715252490     
  0.80191979999999996       0.31610264652685233       0.28644423556633775     
  0.80291970000000001       0.31826316008169842       0.28533347003156867     
  0.80391959999999996       0.32026522743530261       0.28421935005602644     
  0.80491950000000001       0.32211164485967797       0.28310187514278601     
  0.80591939999999995       0.32380519032795979       0.28198104479019920     
  0.80691930000000001       0.32534862347619792       0.28085685849189307     
  0.80791919999999995       0.32674468556532849       0.27972931573678506     
  0.80891910000000000       0.32799609944332786       0.27859841600908725     
  0.80991899999999994       0.32910556950754127       0.27746415878831432     
  0.81091890000000000       0.33007578166719354       0.27632654354928726     
  0.81191879999999994       0.33090940330607294       0.27518556976214859     
  0.81291869999999999       0.33160908324539212       0.27404123689236143     
  0.81391859999999994       0.33217745170682317       0.27289354440072039     
  0.81491849999999999       0.33261712027570639       0.27174249174335824     
  0.81591839999999993       0.33293068186443031       0.27058807837175347     
  0.81691829999999999       0.33312071067598481       0.26943030373273502     
  0.81791819999999993       0.33318976216768292       0.26826916726849115     
  0.81891809999999998       0.33314037301505306       0.26710466841657698     
  0.81991799999999992       0.33297506107589880       0.26593680660992014     
  0.82091789999999998       0.33269632535452692       0.26476558127682592     
  0.82191779999999992       0.33230664596614035       0.26359099184098539     
  0.82291769999999997       0.33180848410139846       0.26241303772148583     
  0.82391759999999992       0.33120428199113944       0.26123171833281028     
  0.82491749999999997       0.33049646287126816       0.26004703308485200     
  0.82591740000000002       0.32968743094780523       0.25885898138291236     
  0.82691729999999997       0.32877957136209784       0.25766756262771545     
  0.82791720000000002       0.32777525015619119       0.25647277621540859     
  0.82891709999999996       0.32667681423836015       0.25527462153757485     
  0.82991700000000002       0.32548659134879815       0.25407309798123168     
  0.83091689999999996       0.32420689002546593       0.25286820492884438     
  0.83191680000000001       0.32283999957009452       0.25165994175832795     
  0.83291669999999995       0.32138819001434688       0.25044830784305766     
  0.83391660000000001       0.31985371208613206       0.24923330255186871     
  0.83491649999999995       0.31823879717607612       0.24801492524907082     
  0.83591640000000000       0.31654565730414325       0.24679317529444633     
  0.83691629999999995       0.31477648508641221       0.24556805204326182     
  0.83791620000000000       0.31293345370200154       0.24433955484627315     
  0.83891609999999994       0.31101871686014837       0.24310768304972835     
  0.83991600000000000       0.30903440876743316       0.24187243599537742     
  0.84091589999999994       0.30698264409515741       0.24063381302047707     
  0.84191579999999999       0.30486551794686578       0.23939181345779659     
  0.84291569999999993       0.30268510582601860       0.23814643663562166     
  0.84391559999999999       0.30044346360380675       0.23689768187776694     
  0.84491549999999993       0.29814262748711701       0.23564554850357119     
  0.84591539999999998       0.29578461398663686       0.23439003582791348     
  0.84691529999999993       0.29337141988510756       0.23313114316121336     
  0.84791519999999998       0.29090502220571673       0.23186886980943486     
  0.84891509999999992       0.28838737818063603       0.23060321507409906     
  0.84991499999999998       0.28582042521969730       0.22933417825228292     
  0.85091489999999992       0.29018886936479826       0.22806175863662950     
  0.85191479999999997       0.29487184414239925       0.22678595551534847     
  0.85291469999999991       0.29921541613453156       0.22550676817222912     
  0.85391459999999997       0.30322731367566608       0.22422419588663772     
  0.85491450000000002       0.30691519612388735       0.22293823793352846     
  0.85591439999999996       0.31028665374323322       0.22164889358344422     
  0.85691430000000002       0.31334920758655227       0.22035616210252992     
  0.85791419999999996       0.31611030937887541       0.21906004275252819     
  0.85891410000000001       0.31857734140130145       0.21776053479079002     
  0.85991399999999996       0.32075761637539102       0.21645763747028265     
  0.86091390000000001       0.32265837734806951       0.21515135003958435     
  0.86191379999999995       0.32428679757703055       0.21384167174290283     
  0.86291370000000001       0.32564998041664461       0.21252860182007127     
  0.86391359999999995       0.32675495920436215       0.21121213950655751     
  0.86491350000000000       0.32760869714761570       0.20989228403346419     
  0.86591339999999994       0.32821808721121298       0.20856903462754356     
  0.86691330000000000       0.32858995200522018       0.20724239051118998     
  0.86791319999999994       0.32873104367333317       0.20591235090245388     
  0.86891309999999999       0.32864804378173373       0.20457891501504649     
  0.86991299999999994       0.32834756320842667       0.20324208205833827     
  0.87091289999999999       0.32783614203305722       0.20190185123736759     
  0.87191279999999993       0.32712024942720608       0.20055822175285035     
  0.87291269999999999       0.32620628354515591       0.19921119280117491     
  0.87391259999999993       0.32510057141513199       0.19786076357441520     
  0.87491249999999998       0.32380936883100997       0.19650693326033036     
  0.87591239999999992       0.32233886024449226       0.19514970104237189     
  0.87691229999999998       0.32069515865774456       0.19378906609968827     
  0.87791219999999992       0.31888430551649799       0.19242502760712790     
  0.87891209999999997       0.31691227060360599       0.19105758473524537     
  0.87991199999999992       0.31478495193306139       0.18968673665030547     
  0.88091189999999997       0.31250817564446304       0.18831248251428692     
  0.88191180000000002       0.31008769589793678       0.18693482148488841     
  0.88291169999999997       0.30752919476950541       0.18555375271553121     
  0.88391160000000002       0.30483828214690140       0.18416927535536465     
  0.88491149999999996       0.30202049562582922       0.18278138854927095     
  0.88591140000000002       0.29908130040666353       0.18139009143786758     
  0.88691129999999996       0.29602608919159157       0.17999538315751482     
  0.88791120000000001       0.29286018208218767       0.17859726284031591     
  0.88891109999999995       0.28958882647742745       0.17719572961412514     
  0.88991100000000001       0.28621719697212833       0.17579078260254793     
  0.89091089999999995       0.28275039525582552       0.17438242092495099     
  0.89191080000000000       0.27919345001207035       0.17297064369646006     
  0.89291069999999995       0.27555131681815909       0.17155545002796799     
  0.89391060000000000       0.27182887804527867       0.17013683902613694     
  0.89491049999999994       0.26803094275907952       0.16871480979340328     
  0.89591040000000000       0.26416224662066057       0.16728936142798131     
  0.89691029999999994       0.26022745178797585       0.16586049302386860     
  0.89791019999999999       0.25623114681765091       0.16442820367084660     
  0.89891009999999993       0.25217784656721420       0.16299249245448708     
  0.89990999999999999       0.24807199209773459       0.16155335845615693     
  0.90090989999999993       0.23885738715800814       0.16011080075301856     
  0.90190979999999998       0.22941436391556780       0.15866481841803617     
  0.90290969999999993       0.22025301278945872       0.15721541051998100     
  0.90390959999999998       0.21136773565016115       0.15576257612342920     
  0.90490949999999992       0.20275298796236338       0.15430631428877337     
  0.90590939999999998       0.19440327887298794       0.15284662407221997     
  0.90690929999999992       0.18631317129887501       0.15138350452579583     
  0.90790919999999997       0.17847728201409749       0.14991695469735120     
  0.90890909999999991       0.17089028173693752       0.14844697363056331     
  0.90990899999999997       0.16354689521649773       0.14697356036494005     
  0.91090890000000002       0.15644190131897645       0.14549671393582375     
  0.91190879999999996       0.14957013311358702       0.14401643337439346     
  0.91290870000000002       0.14292647795813204       0.14253271770766907     
  0.91390859999999996       0.13650587758424140       0.14104556595851667     
  0.91490850000000001       0.13030332818225732       0.13955497714564785     
  0.91590839999999996       0.12431388048579048       0.13806095028362697     
  0.91690830000000001       0.11853263985592694       0.13656348438287208     
  0.91790819999999995       0.11295476636510898       0.13506257844965938     
  0.91890810000000001       0.10757547488067064       0.13355823148612572     
  0.91990799999999995       0.10239003514805030       0.13205044249027317     
  0.92090790000000000        9.7393771873661619E-002  0.13053921045597081     
  0.92190779999999994        9.2582064807444547E-002  0.12902453437295813     
  0.92290770000000000        8.7950348825078919E-002  0.12750641322684761     
  0.92390759999999994        8.3494114009880521E-002  0.12598484599913121     
  0.92490749999999999        7.9208905734363705E-002  0.12445983166717839     
  0.92590739999999994        7.5090324741489453E-002  0.12293136920424362     
  0.92690729999999999        7.1134027225583776E-002  0.12139945757946609     
  0.92790719999999993        6.7335724912944039E-002  0.11986409575787457     
  0.92890709999999999        6.3691185142120021E-002  0.11832528270038999     
  0.92990699999999993        6.0196230943884974E-002  0.11678301736382819     
  0.93090689999999998        5.6846741120885329E-002  0.11523729870090352     
  0.93190679999999992        5.3638650326983464E-002  0.11368812566022965     
  0.93290669999999998        5.0567949146282508E-002  0.11213549718632583     
  0.93390659999999992        4.7630684171846689E-002  0.11057941221961590     
  0.93490649999999997        4.4822958084107731E-002  0.10901986969643453     
  0.93590639999999992        4.2140929728969261E-002  0.10745686854902815     
  0.93690629999999997        3.9580814195600778E-002  0.10589040770555658     
  0.93790619999999991        3.7138882893932454E-002  0.10432048609009814     
  0.93890609999999997        3.4811463631842773E-002  0.10274710262265217     
  0.93990600000000002        3.2594940692049539E-002  0.10117025621913836     
  0.94090589999999996        3.0485754908698568E-002   9.9589945791404400E-002
  0.94190580000000002        2.8480403743654781E-002   9.8006170247224217E-002
  0.94290569999999996        2.6575441362498980E-002   9.6418928490303174E-002
  0.94390560000000001        2.4767478710226443E-002   9.4828219420278595E-002
  0.94490549999999995        2.3053183586655375E-002   9.3234041932725109E-002
  0.94590540000000001        2.1429280721540152E-002   9.1636394919153680E-002
  0.94690529999999995        1.9892551849397019E-002   9.0035277267017114E-002
  0.94790520000000000        1.8439835784037850E-002   8.8430687859709575E-002
  0.94890509999999995        1.7068028492818896E-002   8.6822625576572263E-002
  0.94990500000000000        1.5774083170600722E-002   8.5211089292892589E-002
  0.95090489999999994        1.4555010313425794E-002   8.3596077879908831E-002
  0.95190480000000000        1.3407877791910239E-002   8.1977590204810727E-002
  0.95290469999999994        1.2329810924355880E-002   8.0355625130743930E-002
  0.95390459999999999        1.1317992549579502E-002   7.8730181516809286E-002
  0.95490449999999993        1.0369663099464852E-002   7.7101258218067820E-002
  0.95590439999999999        9.4821206712349410E-003   7.5468854085541090E-002
  0.95690429999999993        8.6527210994495687E-003   7.3832967966214580E-002
  0.95790419999999998        7.8788780277260773E-003   7.2193598703038681E-002
  0.95890409999999993        7.1580629801878655E-003   7.0550745134932161E-002
  0.95990399999999998        6.4878054326390081E-003   6.8904406096782833E-002
  0.96090389999999992        5.8656928834691030E-003   6.7254580419450538E-002
  0.96190379999999998        5.2893709242871128E-003   6.5601266929768920E-002
  0.96290369999999992        4.7565433102878659E-003   6.3944464450547661E-002
  0.96390359999999997        4.2649720303503599E-003   6.2284171800573530E-002
  0.96490349999999991        3.8124773768711965E-003   6.0620387794613803E-002
  0.96590339999999997        3.3969380153325416E-003   5.8953111243416435E-002
  0.96690329999999991        3.0162910536076673E-003   5.7282340953713963E-002
  0.96790319999999996        2.6685321110037326E-003   5.5608075728224036E-002
  0.96890310000000002        2.3517153870445105E-003   5.3930314365650406E-002
  0.96990299999999996        2.0639537299932389E-003   5.2249055660687896E-002
  0.97090290000000001        1.8034187051173096E-003   5.0564298404019971E-002
  0.97190279999999996        1.5683406626963326E-003   4.8876041382324584E-002
  0.97290270000000001        1.3570088057740298E-003   4.7184283378272532E-002
  0.97390259999999995        1.1677712576561091E-003   4.5489023170531682E-002
  0.97490250000000001        9.9903512915449450E-004   4.3790259533766612E-002
  0.97590239999999995        8.4926658557988688E-004   4.2087991238642299E-002
  0.97690230000000000        7.1699091348319732E-004   4.0382217051823675E-002
  0.97790219999999994        6.0079258714765607E-004   3.8672935735979207E-002
  0.97890210000000000        4.9931533483226040E-004   3.6960146049780401E-002
  0.97990199999999994        4.1126220476822757E-004   3.5243846747905608E-002
  0.98090189999999999        3.3539563090921761E-004   3.3524036581039460E-002
  0.98190179999999994        2.7053749843687007E-004   3.1800714295875915E-002
  0.98290169999999999        2.1556920902250401E-004   3.0073878635118668E-002
  0.98390159999999993        1.6943174584642103E-004   2.8343528337483312E-002
  0.98490149999999999        1.3112573837573087E-004   2.6609662137698019E-002
  0.98590139999999993        9.9711526902048842E-005   2.4872278766506092E-002
  0.98690129999999998        7.4309226840039926E-005   2.3131376950665933E-002
  0.98790119999999992        5.4098792788084031E-005   2.1386955412953542E-002
  0.98890109999999998        3.8320082352077928E-005   1.9639012872162812E-002
  0.98990099999999992        2.6272919733588103E-005   1.7887548043108062E-002
  0.99090089999999997        1.7317159083397158E-005   1.6132559636623904E-002
  0.99190079999999992        1.0872747621610494E-005   1.4374046359567618E-002
  0.99290069999999997        6.4197885253818693E-006   1.2612006914819410E-002
  0.99390059999999991        3.4986035853875977E-006   1.0846440001284922E-002
  0.99490049999999997        1.7097956321149209E-006   9.0773443138945364E-003
  0.99590040000000002        7.1431073306531816E-007   7.3047185436062537E-003
  0.99690029999999996        2.3350016193907572E-007   5.5285613774060990E-003
  0.99790020000000001        4.9182140877874921E-008   3.7488714983085203E-003
  0.99890009999999996        3.7033568286651555E-009   1.9656475853589298E-003
  0.99990000000000001        2.5308690533733404E-013   1.7888831363312209E-004
