   3.3333000000000000E-003   3.0764711737566456E-002
   6.6666000000000000E-003   4.3811102038589074E-002
   9.9998999999999991E-003   5.3932494355972360E-002
   1.3333200000000000E-002   6.2533746808817056E-002
   1.6666500000000001E-002   7.0159501156950493E-002
   1.9999799999999998E-002   7.7089346041137569E-002
   2.3333099999999999E-002   8.3489530033548184E-002
   2.6666400000000000E-002   8.9468478374284510E-002
   2.9999700000000001E-002   9.5101576379010400E-002
   3.3333000000000002E-002  0.10044376430273355     
   3.6666299999999999E-002  0.10553655687926722     
   3.9999599999999996E-002  0.11041223696513230     
   4.3332900000000001E-002  0.11509650085983031     
   4.6666199999999998E-002  0.11961020161587967     
   4.9999500000000002E-002  0.12397054008602948     
   5.3332800000000000E-002  0.12819190364069058     
   5.6666099999999997E-002  0.13228647218016451     
   5.9999400000000001E-002  0.13626466583014304     
   6.3332700000000006E-002  0.14013548213430577     
   6.6666000000000003E-002  0.14390675437130160     
   6.9999300000000000E-002  0.14758535244913074     
   7.3332599999999998E-002  0.15117734125560020     
   7.6665899999999995E-002  0.15468810699008728     
   7.9999199999999993E-002  0.15812245905541450     
   8.3332500000000004E-002  0.16148471305498191     
   8.6665800000000001E-002  0.16477875901156916     
   8.9999099999999999E-002  0.16800811790419559     
   9.3332399999999996E-002  0.17117598888044455     
   9.6665699999999993E-002  0.17428528895903789     
   9.9999000000000005E-002  0.17733868663406624     
  0.10333230000000000       0.18033863048897003     
  0.10666560000000000       0.18328737369788872     
  0.10999890000000000       0.18618699511513498     
  0.11333219999999999       0.18903941751659453     
  0.11666550000000001       0.19184642344989125     
  0.11999880000000000       0.19460966906595531     
  0.12333210000000000       0.19733069623785054     
  0.12666540000000001       0.20001094321937979     
  0.12999869999999999       0.20265175405310712     
  0.13333200000000001       0.20525438690274597     
  0.13666529999999999       0.20782002145663395     
  0.13999860000000000       0.21034976552591847     
  0.14333190000000001       0.21284466094207805     
  0.14666520000000000       0.21530568884269605     
  0.14999850000000001       0.21773377442135977     
  0.15333179999999999       0.22012979120667073     
  0.15666510000000000       0.22249456492623243     
  0.15999839999999999       0.22482887700380447     
  0.16333170000000000       0.22713346773133314     
  0.16666500000000001       0.22940903915206803     
  0.16999829999999999       0.23165625768630094     
  0.17333160000000000       0.23387575652726728     
  0.17666489999999999       0.23606813783133146     
  0.17999820000000000       0.23823397472363880     
  0.18333150000000001       0.24037381313788039     
  0.18666479999999999       0.24248817350663032     
  0.18999810000000000       0.24457755231681549     
  0.19333139999999999       0.24664242354322649     
  0.19666470000000000       0.24868323997154271     
  0.19999800000000001       0.25070043442108825     
  0.20333129999999999       0.25269442087643224     
  0.20666460000000000       0.25466559553598733     
  0.20999789999999999       0.25661433778490478     
  0.21333120000000000       0.25854101109882055     
  0.21666450000000001       0.26044596388434199     
  0.21999779999999999       0.26232953026158157     
  0.22333110000000000       0.26419203079352221     
  0.22666439999999999       0.26603377316653942     
  0.22999770000000000       0.26785505282599381     
  0.23333100000000001       0.26965615357043876     
  0.23666429999999999       0.27143734810766484     
  0.23999760000000001       0.27319889857550522     
  0.24333089999999999       0.27494105703006655     
  0.24666420000000000       0.27666406590381187     
  0.24999750000000001       0.27836815843571122     
  0.25333080000000002       0.28005355907548429     
  0.25666410000000001       0.28172048386378734     
  0.25999739999999999       0.28336914079003872     
  0.26333069999999997       0.28499973012944285     
  0.26666400000000001       0.28661244476063547     
  0.26999730000000000       0.28820747046526657     
  0.27333059999999998       0.28978498621072785     
  0.27666390000000002       0.29134516441713576     
  0.27999720000000000       0.29288817120959582     
  0.28333049999999999       0.29441416665669601     
  0.28666380000000002       0.29592330499610164     
  0.28999710000000001       0.29741573484805889     
  0.29333039999999999       0.29889159941755855     
  0.29666369999999997       0.30035103668584795     
  0.29999700000000001       0.30179417959193577     
  0.30333030000000000       0.30322115620468559     
  0.30666359999999998       0.30463208988604895     
  0.30999690000000002       0.30602709944595358     
  0.31333020000000000       0.30740629928932406     
  0.31666349999999999       0.30876979955567885     
  0.31999679999999997       0.31011770625171881     
  0.32333010000000001       0.31145012137729117     
  0.32666339999999999       0.31276714304509057     
  0.32999669999999998       0.31406886559443131     
  0.33333000000000002       0.31535537969940397     
  0.33666330000000000       0.31662677247170989     
  0.33999659999999998       0.31788312755844600     
  0.34332990000000002       0.31912452523509660     
  0.34666320000000000       0.32035104249396923     
  0.34999649999999999       0.32156275312830113     
  0.35332979999999997       0.32275972781224344     
  0.35666310000000001       0.32394203417692091     
  0.35999639999999999       0.32510973688274991     
  0.36332969999999998       0.32626289768818795     
  0.36666300000000002       0.32740157551507582     
  0.36999630000000000       0.32852582651072354     
  0.37332959999999998       0.32963570410688270     
  0.37666290000000002       0.33073125907573875     
  0.37999620000000001       0.33181253958304702     
  0.38332949999999999       0.33287959123853084     
  0.38666279999999997       0.33393245714365194     
  0.38999610000000001       0.33497117793685510     
  0.39332940000000000       0.33599579183638462     
  0.39666269999999998       0.33700633468076435     
  0.39999600000000002       0.33800283996702379     
  0.40332930000000000       0.33898533888675264     
  0.40666259999999999       0.33995386036005609     
  0.40999590000000002       0.34090843106748309     
  0.41332920000000001       0.34184907547998994     
  0.41666249999999999       0.34277581588700334     
  0.41999579999999997       0.34368867242263651     
  0.42332910000000001       0.34458766309011452     
  0.42666240000000000       0.34547280378445505     
  0.42999569999999998       0.34634410831345308     
  0.43332900000000002       0.34720158841701021     
  0.43666230000000000       0.34804525378484735     
  0.43999559999999999       0.34887511207263899     
  0.44332889999999997       0.34969116891659935     
  0.44666220000000001       0.35049342794655330     
  0.44999549999999999       0.35128189079751709     
  0.45332879999999998       0.35205655711981532     
  0.45666210000000002       0.35281742458775606     
  0.45999540000000000       0.35356448890688236     
  0.46332869999999998       0.35429774381982071     
  0.46666200000000002       0.35501718111073677     
  0.46999530000000000       0.35572279060841600     
  0.47332859999999999       0.35641456018797413     
  0.47666189999999997       0.35709247577121050     
  0.47999520000000001       0.35775652132560654     
  0.48332849999999999       0.35840667886197508     
  0.48666179999999998       0.35904292843076030     
  0.48999510000000002       0.35966524811698952     
  0.49332840000000000       0.36027361403387220     
  0.49666169999999998       0.36086800031504279     
  0.49999500000000002       0.36144837910543826     
  0.50332829999999995       0.36201472055080364     
  0.50666160000000005       0.36256699278581234     
  0.50999490000000003       0.36310516192078629     
  0.51332820000000001       0.36362919202700467     
  0.51666150000000000       0.36413904512057660     
  0.51999479999999998       0.36463468114486369     
  0.52332809999999996       0.36511605795142360     
  0.52666139999999995       0.36558313127945447     
  0.52999470000000004       0.36603585473370887     
  0.53332800000000002       0.36647417976084845     
  0.53666130000000001       0.36689805562420580     
  0.53999459999999999       0.36730742937691763     
  0.54332789999999997       0.36770224583339206     
  0.54666119999999996       0.36808244753906583     
  0.54999449999999994       0.36844797473840923     
  0.55332780000000004       0.36879876534113071     
  0.55666110000000002       0.36913475488652758     
  0.55999440000000000       0.36945587650593320     
  0.56332769999999999       0.36976206088319752     
  0.56666099999999997       0.37005323621314140     
  0.56999429999999995       0.37032932815791991     
  0.57332760000000005       0.37059025980122151     
  0.57666090000000003       0.37083595160023353     
  0.57999420000000002       0.37106632133528755     
  0.58332750000000000       0.37128128405711003     
  0.58666079999999998       0.37148075203158137     
  0.58999409999999997       0.37166463468191313     
  0.59332739999999995       0.37183283852814331     
  0.59666070000000004       0.37198526712384072     
  0.59999400000000003       0.37212182098991103     
  0.60332730000000001       0.37224239754537919     
  0.60666059999999999       0.37234689103502738     
  0.60999389999999998       0.37243519245375051     
  0.61332719999999996       0.37250718946749067     
  0.61666049999999994       0.37256276633059598     
  0.61999380000000004       0.37260180379944768     
  0.62332710000000002       0.37262417904218387     
  0.62666040000000001       0.37262976554434124     
  0.62999369999999999       0.37261843301022213     
  0.63332699999999997       0.37259004725978745     
  0.63666029999999996       0.37254447012085601     
  0.63999359999999994       0.37248155931638555     
  0.64332690000000003       0.37240116834659004     
  0.64666020000000002       0.37230314636563527     
  0.64999350000000000       0.37218733805263887     
  0.65332679999999999       0.37205358347668072     
  0.65666009999999997       0.37190171795551286     
  0.65999339999999995       0.37173157190763834     
  0.66332670000000005       0.37154297069740344     
  0.66666000000000003       0.37133573447272755     
  0.66999330000000001       0.37110967799506817     
  0.67332660000000000       0.37086461046119212     
  0.67665989999999998       0.37060033531629272     
  0.67999319999999996       0.37031665005796549     
  0.68332649999999995       0.37001334603051528     
  0.68665980000000004       0.36969020820903681     
  0.68999310000000003       0.36934701497266620     
  0.69332640000000001       0.36898353786635962     
  0.69665969999999999       0.36859954135051159     
  0.69999299999999998       0.36819478253766941     
  0.70332629999999996       0.36776901091555131     
  0.70665959999999994       0.36732196805551209     
  0.70999290000000004       0.36685338730553968     
  0.71332620000000002       0.36636299346679119     
  0.71665950000000000       0.36585050245260653     
  0.71999279999999999       0.36531562092884817     
  0.72332609999999997       0.36475804593433131     
  0.72665939999999996       0.36417746448000493     
  0.72999270000000005       0.36357355312543849     
  0.73332600000000003       0.36294597753105040     
  0.73665930000000002       0.36229439198438362     
  0.73999260000000000       0.36161843889859363     
  0.74332589999999998       0.36091774828115664     
  0.74665919999999997       0.36019193717063397     
  0.74999249999999995       0.35944060903914171     
  0.75332580000000005       0.35866335315796538     
  0.75665910000000003       0.35785974392353076     
  0.75999240000000001       0.35702934014068799     
  0.76332570000000000       0.35617168425998674     
  0.76665899999999998       0.35528630156531138     
  0.76999229999999996       0.35437269930789617     
  0.77332559999999995       0.35343036578236448     
  0.77665890000000004       0.35245876934000753     
  0.77999220000000002       0.35145735733404371     
  0.78332550000000001       0.35042555499107519     
  0.78665879999999999       0.34936276420236295     
  0.78999209999999997       0.34826836222788587     
  0.79332539999999996       0.34714170030540314     
  0.79665869999999994       0.34598210215591096     
  0.79999200000000004       0.34478886237594519     
  0.80332530000000002       0.34356124470612648     
  0.80665860000000000       0.34229848016415032     
  0.80999189999999999       0.34099976502907586     
  0.81332519999999997       0.33966425866223321     
  0.81665849999999995       0.33829108114832890     
  0.81999180000000005       0.33687931073834820     
  0.82332510000000003       0.33542798107358324     
  0.82665840000000002       0.33393607816753096     
  0.82999170000000000       0.33240253711942624     
  0.83332499999999998       0.33082623852976045     
  0.83665829999999997       0.32920600458418953     
  0.83999159999999995       0.32754059476767722     
  0.84332490000000004       0.32582870116543117     
  0.84665820000000003       0.32406894330104102     
  0.84999150000000001       0.32225986245504817     
  0.85332479999999999       0.32039991539878693     
  0.85665809999999998       0.31848746746846934     
  0.85999139999999996       0.31652078489286800     
  0.86332469999999994       0.31449802627420848     
  0.86665800000000004       0.31241723310556707     
  0.86999130000000002       0.31027631918862036     
  0.87332460000000001       0.30807305879231672     
  0.87665789999999999       0.30580507336506008     
  0.87999119999999997       0.30346981657919714     
  0.88332449999999996       0.30106455744559452     
  0.88665779999999994       0.29858636118607107     
  0.88999110000000003       0.29603206749011357     
  0.89332440000000002       0.29339826570666966     
  0.89665770000000000       0.29068126642797454     
  0.89999099999999999       0.28787706880522479     
  0.90332429999999997       0.28498132278867760     
  0.90665759999999995       0.28198928529838807     
  0.90999090000000005       0.27889576909408714     
  0.91332420000000003       0.27569508280706240     
  0.91665750000000001       0.27238096020048147     
  0.91999080000000000       0.26894647620566831     
  0.92332409999999998       0.26538394659572134     
  0.92665739999999996       0.26168480724091747     
  0.92999069999999995       0.25783946765062660     
  0.93332400000000004       0.25383713180914913     
  0.93665730000000003       0.24966557695710573     
  0.93999060000000001       0.24531087765111939     
  0.94332389999999999       0.24075705768165215     
  0.94665719999999998       0.23598564549855225     
  0.94999049999999996       0.23097509848485143     
  0.95332379999999994       0.22570004573964145     
  0.95665710000000004       0.22013027458075998     
  0.95999040000000002       0.21422934676391855     
  0.96332370000000000       0.20795266547442373     
  0.96665699999999999       0.20124470256866103     
  0.96999029999999997       0.19403489544267663     
  0.97332359999999996       0.18623134547949771     
  0.97665689999999994       0.17771069374519644     
  0.97999020000000003       0.16830091780279299     
  0.98332350000000002       0.15774992971058738     
  0.98665680000000000       0.14566252945843450     
  0.98999009999999998       0.13135568977752438     
  0.99332339999999997       0.11345048773041372     
  0.99665669999999995        8.8196054803504537E-002
  0.99999000000000005        1.0462373546232808E-002
